4 5 6 7 8 9 10 11 12 13 14 15 16 17
4 5 6 7 8 9 10 11 7 13 14 14 16 17 18 19 20 21 22 5 24 25 26 27 6 29
4 5 6 7 8 9 10 5 12 13 14 15 5 17 18 19 20 21 22 23 24 25 26 27 28 29
4 5 5 7 8 9 10 5 12 13 10 15 16 17 18 10 20 10 10 23 24 25 10 27 23 13 30 31 32 33 34 35 5
4 5 6 7 8 9 10 11 12 13 14 15 16 17 18 18 20 21 22 23
4 5 6 7 8 9 10 11 12 13 14 15 16 17 18 19 20 21 22 23 24 25 9 27
4 5 6 7 8 9 10 11 12 13 14 15 16 14
4 5 6 7 8 9 10 11 12 13 14 15 16 17 18 19 20 21 22 23 24 25
4 5 6 7 8 9 10 5 12 13 14 5 16 17 18 19 20 17 22 23 17 25 19 27 23
4 5 6 5 8 9 5 11 12 13 14 15 16 17 18 19 20 21 22 23 24 25 26 27 28 29 30 31 26 33 34 35 36 37
4 5 6 7 8 9 10 5 12 13 14 15 16 17 18 19 20 21 22 5 24 25 16 27 28 20 30 16 27 33 34 25 36 37 5 39 40
4 5 6 7 8 9 10 11 11 13 14 15 16 17 18 19 20 21 22 23 24 25 26 27 28 29 30 31 32 33 20
4 5 5 7 8 9 10 11 12 13 14 15 16 17 18 19 20 21 16 23 24 25 26 16 28 16 30 31 32 33 34 35 36 37 38 39 40 41 42 43 44 45 46 47 48 49 50 51 52 53 44 5 56 57 46 46 60 61 62 63 64 65 49 67 64
4 5 6 7 8 9 10 11 12 13 11 15 10 17
4 5 6 7 8 9 10 11 12 5 14 15 16 17 18 19 5 21
4 5 6 7 8 5 6 11 12 13 14 5 6 17 18 19 20 21 22 23 24 25 26 27 28 29 30 31 32 33 34 35 36 37 24
4 5 6 7 8 9 10 11 11 13 14 15 16 17 18 19 20 21 22 14 18 25 26 22 28 17
4 5 6 7 8 9 10 11 12 13 14
4 5 6 7 8 9 10 11 12 13 14 15 16 17 18 19 20 21 22 10 24 25 26 27 16 9 30 31 32 33
4 5 6 7 8 9 10 11 12 13 14 15 16 17 18 19 20 21 22
4 5 5 7 8 9 10 11 12 13 14 15 16 17 18 19 20 21 22 23 24 25 26 27 28 29 30 31 32 13 34 13 36 37 38 39 40
4 5 6 7 8 9 10 11 7 13 13 15 16 17 18 19 9
4 5 6 7 8 5 10 11 12 13 14 15 16 17 5 19 20 21 22 23
4 5 6 7 8 5 10 11 12 13 14 15 16 17 18 19 20 21
4 5 6 7 8 9 10 11 12 13 13 15 16 17 18 19 19 21 22 23 13 25 26 15 28 29 16 31 32
4 5 6 7 8 9 10 11 12 12 14 15 9 17 18 19 20 21 22 23 24 25 26 22 8 29 30 30 32 25 34 35 36 37 38 39 40 41 42 43 25 45 46 30
4 5 6 7 8 9 10 11 12 13 14 15 16 5 18 19 20 21 22
4 5 6 6 8 9 10 11 12 13 14 6 16 17 18 19 20 5 17 23 24 25 10 27 28 29 30 31 32 33 34 10 11
4 5 6 7 7 9 10 11 6 13 14 15 16 17 18 19 20 21 22 23 24 25 26 27 22 29 30 14 22 33 34 22 36 37 38 22 40 41 42 6 40 41
4 5 6 7 8 9 10 11 12 13 14 15 8 17 18 19 20 21 22 23 24 25 26 27 28 29 30 31 32 33 34 35 36 37 38 18 40 41 42 43 11 45 46 47 48 49 50 51 45 53 54 55 56 57 58 59 60 61 62 63 64 65 66 67 68 69 70 71 34 73 74 75 76 77 78 79 80 81 82 83 84 56 86 87 88 89 83 91 92 93 64 95 96 97 18 19 100 101 102 103 19 17 106 107 108 109 110 111 82 113 8 115 116 117 118 119 120 121 122 17 124 125 126 127 17
4 5 6 7 8 9 10 11 12 13 13 15 16 17 18 19 20 21 22 16 24 25 26 27 28 29 30 31 32 33 34 35 9
4 5 6 7 8 9 10 11 12 5 14 15 16 17 18 19 10 21 22 10 24 25
4 5 6 6 8 9 10 11 12 13 14 6 16 17 18 19 20 21 22 23 24 25 26 11 28 29 30 31 32 33 34 26 36
4 5 5 7 8 5 10 11 12 13 14 15 16 17 18 10 17 18 22 23 12 25 26 27 28 29 30
4 5 6 7 8 9 10 11 12 13 14 15 16 17 18 19 11
4 5 6 7 8 9 10 11 12 13 14 15 16 17 18 19 20 21 22
4 5 6 7 8 9 10 11 12 13 14 13
4 5 6 7 8 9 10 11 10 13 14 15 16 17 18 19 20 21 22 23 24 25 26 27 28 29 30 31 5
4 5 6 7 5 9 10 11 10 13 14 15 16 17 18 19 20 5 22 20 24 25 26 27 28 29 30 31 32 33 34 35 36 24 38 39
4 5 6 7 8 9 5 11 12 13 14 15 16 17 18 19 20 21 22 23 24 25 26 27 28 29 30 31 32 33
4 5 6 7 8 7 10 11 12 13 14 13 16 7 18
4 5 6 7 8 9 10 9 12 13 14 15 16 17 18 19 20 17 22 23 24 25 26 27 17 29 24 31 9 33 34 35 36 37 38 20 17 18
4 5 6 7 5 6 10 11 12 13 14 15 5 17 18 19 20 21 22 23 24 25 26 27 23 29 20 31 32
4 5 5 7 8 9 10 5 12 13 14 15 16 17 18 19 20 21 22
4 5 6 7 8 9 10 7 12 6 14 15 16 17 18 19 20 21 22 23 24 25 26 27 6 29 30 31 32 5 29 35
4 5 6 7 8 9 10 11 12 13 14 15 16 17 18 19
4 5 6 7 8 9 10 11 12 13 14 15 16 17 18 19 20 21 22 9 24
4 5 6 5 8 9 10 11 5 5 14 15 16 17 18 19 20 14 22 23 24 25 26 27
4 5 6 7 8 9 10 11 9 13 14 15 16 17 18 19 20 21 22 23 24 25 26 27 28 29 30 31 32 33 34
4 5 5 7 8 9 10 11 12 13 14 15 16 17 18 19 19 21 22 23 24 25 26 27 28 18 30 31
4 5 6 7 8 9 10 11 12 13 14 15 16
4 5 6 7 8 9 10 11 12 13
4 5 6 7 8 9 10 11 12 13 14 15 16 17 18 19 13 21 22 23 24 25 17 27 28 29
4 5 6 7 8 9 10 11 12 13 14 15 16 17 18 19 20 21 5 23 16 25 7 27 28 29 30 31 32 33 34 35 36
4 5 6 6 8 9 10 11 12 13 14 15 16 17 18 19 20 21
4 5 5 7 5 9 10 11 12 5 14 15 16 5 18 19 20 12 22 23 24 25 26 27 28 29 30 31 32 14 15 35 36 37 35 36 40 26 42 43 44 45 46 32 48 49 50
4 5 6 7 8 9 10 11 5 13 11 9 16 17 18 19 20 19 22 20 24 25 26 27 28 29 30 29
4 5 6 7 8 9 10 11 12 13 14 15 5 17 18 19 20 21 8 23 21 25 26 27 28 29 30 31 32 33 34 33 36 37 38 39 40 41 42 43 44 28 29 30 48 33 50 51 52 53 54 55 56 57 58 59 60 61 62 63 64 65 66 67 68 69 70 71 72 73 74 42 26 72 78 79 30 81 82 83 84 85 86 87 88 89 90 91 92 93 85 78 79 39 81 99
4 5 6 7 8 9 10 11 12 13 14 15 16
4 5 6 7 8 9 10 11 12 13 14 13 16 17 18 19 17 7
4 5 6 7 8 9 10 11 12 13 14 15 16 17 18 19 20 21 22 23 24 25 5 25 28 25
4 5 6 7 8 9 10 11 12 13 14 15 16 17 18 19 20 21 22 23 24 25 13 5 28 13
4 5 6 7 8 9 10 11 12 11 14 7 16 17 18 19 20 21 22 23 24 25 9 18 28
4 5 6 7 8 9 10 11 12 13 14 15 16 17 5 19 20 21 19 23 24 5 26 27 28 29 30 7 32 33
4 5 6 5 8 5 10 11 12 13 14 5 16 17 18 14 20 21 22 23 24 25 26 21 28 22 30 31 32 33 34
4 5 6 7 8 9 10 11 12 13 14 15 16 17 18 19 20 21 22 23 24 25 26 27
4 5 6 7 8 9 10 11 12 13 14 15 16 17 18 19 20 21 22 23 9 25 26 27
4 5 6 7 8 9 10 11 12 13 14 15 13 17 18 19 20 21 22 23 24 25 26 27 28 29 30 31 32 33 34 35 36 37 38 39 40 41 20 18 44 33 46 47 18 49 50 51 52 47 44 33 56 57 58 59 60 61 62 19 61 65 66 67 68 69 70 71 72 33 74 75 57 77 51 79 80 81
4 5 6 7 8 9 10 11 12 13 14 15 16 17 18 19 20 21 22 23 24 25 5 27 28 12 30 31 32 33 34 35 36 12 36 12 40 41 5 43 5 45 46 47 5 49 50 51 52 53 5 55
4 5 6 7 6 9 10 11 12 13 14 15 16 17 18 19 20 21 22 23 24 25 5 6 28 6 30 31 32 20 31 6 36 37 38 39 40 41 42 43 37 45 46 31 32 9 37 39 32 53 54 31 56 57 58 59 60 61 56 63 64 56 66 5 32 5 32
4 5 6 7 8 5 10 11 12 13 14 15
4 5 6 7 8 9 10 11 12 10 14 15 16 17 18 19 20 21 22 23 24 25 18 27 28 29 30 31 32 33 34 35
4 5 6 7 8 9 10 11 12 13 14 15 16 17 18 19 20 21 22 23
4 5 6 7 8 9 10 11 12 13 14 15 16 17 18 19 20
4 5 6 5 8 9 10 11 12 13 14 15 16 17 18 19 20 21 22 23 24 25 26 27 28 29 30 31 32 26 14 29
4 5 6 7 8 5 10 11 12 13 14 15 16 17 18 19
4 5 6 7 8 9 10 11 12 13 14 15 16 17 18 19 20 21 22 23 24
4 5 6 7 8 9 10 11 12 13 14 15 16 17 10 19 20 9 20 23 24 25 5 27 28 29
4 5 6 7 8 9 9 11 12 13 13 15 16 17 18 19 20 21 22 18 24 25 26 27 28 29 30 31 32 30
4 5 6 7 8 9 10 11 12 13 14 5 6 17 18 19 20
4 5 6 7 8 9 10 11 12 13 14 15 16 8 18
4 5 6 7 8 9 10 11 12 13 14 15 16 17 18 19 20 21 22 13 24 25 26 27 19 29 30 31 32 33 34 35 36 37 38 39 40 41 10 43 44 45 46 47 48 49 50 51 52 53 54 55 51 57
4 5 6 7 8 9 10 10 12 13 14 15 16
4 5 6 7 8 9 10 11 12 13 14 15 16 17 18 19 17 21 22 23 24 25 26 24 28 29 30 31 32 33 34 25 36 24 38 39
4 5 6 7 8 9 5 11 12 13 14 6 11 17 18 19 20 21 22 21
4 5 6 7 8 9 10 11 12 13 14 15 16 17 18 19 20 21 5 7 10 25 26
4 5 5 7 8 9 10 11 12 5 14 5 5 17 18 19 20 21
4 5 6 7 5 9 10 11 12 13 14
4 5 6 7 8 9 5 11 12 13 14 15 16 17 18 19 20 21 22 23 24 25 13 27 28 29 30 31
4 5 5 7 8 9 10 11 12 5 14 15 16 17 18 19 20 21 18 23 24
4 5 6 7 8 9 10 11 12 13 14 15 16 17 18 19 20 21 11 23 24 25 26 19
4 5 6 7 8 9 10 11 11 13 14 15 16 17 18 19 8 21 18 8 24 25 26 27 28 29 30 31 32 14 34 16 30 7 38 18 40 31 42 42 14 45 46 47 48 49 50 51 52 26
4 5 6 7 8 9 10 11 11 13 14 15 16 17 18 19 20 17 22 23 24 25 26 27 10 29 30 31 32 33 34 35 36 37 38 39 25 41 42 43 34
4 5 6 7 8 7 10 11 12 13 14 15 16 17 18 19 20 21 22
4 5 6 7 8 9 10 11 12 13 14 15 16 17 18 19 20 11 22
4 5 6 7 8 9 10 11 12 13 14 15 16
4 5 6 7 8 9 10 11 12 13 14 15 11 14 18 19 20 13 22 23 24 25 26 11
4 5 6 7 8 9 10 11 12 13 14 15 16 17 18
4 5 6 7 8 9 10 11 12 13 14 15 16 17
4 5 6 7 8 9 10 11 12
4 5 6 7 8 9 10 5 12 13 14 15 16 17 18 19 20 20 22 23 10
4 5 6 7 8 9 10 11 12 13 14 11 11 17 18 19 17 18 11 23 24 25 26 27 28 29 30 31
4 5 6 7 8 9 10 11 12 13 14 15 16 17 18 19 20 21 22 23 24 16 14 27 28 29 30 22 32 33 34 35 36 37 38 39 40 41 42 43 44 45 46 11 48 49 50 51 52 53 54 55 56 57 6 43 60 16 57 52 64
4 5 6 7 8 9 10 5 12 13 7 5 16 17 13 19 20 21 22 23 24 25 26 27 28 8 13 31 32 13 34 35 36 37 38 39 40 41 42 43 44 45 46 47
4 5 6 7 8 9 10 11 12 13 14 15 16 17 18 19 20 21 18 23 18 25 26 16 21 29 13 31 32 33 34 35 36 37 38 39 19 31 42 14 44 45 46 47 48 49 50 51 52 53 54 55 56 57 57 59 60 61 62 63 64 65 66
4 5 6 7 8 9 10 11 12 13 14 15 7 17 18 19 20 21 22 23 24 25
4 5 6 7 8 9 10 11 12 13 14 9 16 13 18 19 5 21 22 23 24 25 26 27
4 5 6 7 8 9 10 11 12 12 14 15 16 17 18 19
4 5 6 7 8 9 10 11 12 13 10 15 16 17 18 5 20 21
4 5 6 6 8 9 10 11 12 13 14 15 16 17 18 19 20 21 22 23 24 25 26 27 28 29 20
4 5 6 7 8 9 10 11 12 13 14 15 16 17 18 19
4 5 6 7 6 9 10 11 12 13 14 15 16 17 18 19 20 21
4 5 6 7 8 9 10 8 12 13 14 15 16 17
4 5 6 7 8 9 10 11 12 11 14 9 16 17 8 10 20 21 22 23 24 25 26 9 8 29
4 5 6 7 8 9 10 10 12 13 14 15 16 17 18 19 20 21 22 23 24 25 26 27 28 29 25 10 32 33 10 35 36 37 38 39 40 41 42 43 38 45 46 47 48 49 50 25 52 53 38 48 38
4 5 6 7 8 9 10 11 12 13 14 15 16 17 5
4 5 6 7 8 9 10 11 12
4 5 6 7 8 9 10 9 12 13 14 15 10 17 18 19 9
4 5 6 7 8 9 10 11 12 13 14 15 16 17 18 19 20 21 11 23 24 25 26 27
4 5 6 7 8 9 10 11 12 13 14 13 16 17 18 13 20 21 22 23 24 25 26 27 18 29 18 31 21 33 34 35 36 37 38 39
4 5 6 7 8 9 10 11 12 13 7 13 16 17 13 19 11 21 22 23 24 25 26 11 28
4 5 6 7 8 9 10 11 12 13 14
4 5 6 7 8 5 10 11 12 13 14 15 16 13 18 19 20 12 22 23 24 22 26 27 22
4 5 6 7 8 9 10 11 12 13 6 15 16 17 18
4 5 6 7 8 9 10 11 6 13 14 15 16 17 18 19 20 21 22 23 24 25
4 5 6 7 8 9 10 5 12 13 14 15
4 5 5 7 8 9 10 5 12 13 14 14 16 17 18 19 20 21 22 23 24 25 26 27 28 29
4 5 6 7 8 9 5 11 12 13 14 15 16 17 18 19 20 21 11 23 24 25 26 27 28 29 30 26 30 33 34 5 36 37 38 39 40 41 42 43 5 40
4 5 6 7 8 9 8 11 12 13 14
4 5 6 7 8 9 10 11 12 13 14 15 16 17 18 11 20 21 18 23 17 25 26 27 28
4 5 6 7 8 8 10 5 12 13 14 15 16 17 18
4 5 6 7 8 9 10 11 12 11 14 15 16 17 18 19 20 21 22 17 24 25 26 27 25 29 30 31 30 33 10 11 17 8
4 5 6 7 7 9 10 11 12 6 14 15 16 17 18 19 20 21 22 23 23 25 26 27 28 29 30
4 5 6 7 8 9 10 11 12 13 14 15 16 17 18 19 20 21 22 23 16 25 26 13 28 29 22 31 20 33
4 5 6 7 8 9 5 11 12 13 14 15 16 17 18 19 19 21 12 7 24 25 26
4 5 6 5 8 9 10 11 12 13 14 15 16 17 9 19 20 21 22 23 24 25 26
4 5 6 7 8 9 10 11 12 5 14 5 16 17 18 9 20
4 5 6 7 8 9 10 11 12 13 14 15 16 17 9 19 7 21 19 23 24 25 25 27 28 29 30 31 32 33 34 35 36 37
4 5 6 7 8 9 10 11 12 13 14 15 16 17 18 19 20 21 22 23 24 22 26
4 5 6 7 8 9 10 11 12 13 7 15 11 17 18 19 20 21 22 23 24 25 26 27 5 29
4 5 5 7 8 5 5 11 12 13 12 15 16 17 18 13 20 21 22 13 24 25 26 27 28 29 30 31 20 5 34 35 12 37 38 39 40 41 5 17 31 20 46
4 5 6 7 8 9 10 11 12 13 14 15 16 17 18 19 20 21 22 23 24 25 26 27 28
4 5 6 7 8 9 10 11 12 13 14 15
4 5 5 7 8 9 10 10 12 13 14 15 16 17 18 19 20 21 22 23 24 25 26 23 28 29 30 31 32 33 34 35 36 37 38 39 7 41 42 43 12 43 5 47 48 7 50 12 52 43 13 55 56 57 58 59 60 61 62 7 64 65 66 7 68 69 70 71 72 73
4 5 6 7 8 9 10 11 12 13 6 15 16 11 18 19 11 21 22 23 5 25
4 5 6 7 5 9 10 11 12 13 14 13 16 17 18 17
4 5 6 7 8 9 10 11 12 13 14 15 16 17 18 6 7 21 22 22 24 25 26 27 28 29 30 31 32 33 31 35 36 37 38 39 29 27 42 29 44 7 46 47 8 21 50 21 52 28 29 55 56 57 57 59 57 52 62 31 55 65
4 5 6 7 8 9 10 11 12 13 14 15 16 17 18 7 20 5 22 12 24 12 14
4 5 6 7 8 9 10 11 12 13 14 15
4 5 6 7 8 7 10 11 12 13 14 12 11 17
4 5 6 7 8 9 10 11 12 13 14 15 16 17 18 19 12 21 22 23 24 25 26 25 28 29 30 31 32 33 34 35 25 10
4 5 6 7 8 9 6 11 12 13 14 15 16 17 18 19 15 21 16 23 24 25 26 27 9 29 12 16
4 5 6 7 8 9 10 11 12 13 14 15 16 17 15 19 20 5 22 23 24 25 26
4 5 6 7 6 9 10 11 12 13 14 15 16 17
4 5 6 7 6 9 10 11 12 13 14 15 16 17 18 19 20 21 22 23 24 25 26 21 28 29
4 5 6 7 8 9 10 11 12 13 14 15 16 17 18 19 20 21 22 23 24 25 26 27 28 29 30 31
4 5 6 7 8 9 10 11 12 13 14 15 16 17 18 19 20 21 22 23 24 16 17 27 28 29 30 22 32 33 34 35
4 5 6 7 8 9 10 11 12 9 14 15 16 17 18 19 20 21 22 23 24 25 26 27 28 29 30 31 32 33 34 33 19 37 5 39 9 9 42
4 5 6 7 8 9 10 11 12 13 5 15 16 17 18 19 20 21 22 23
4 5 6 7 8 9 5 11 12 13 14 15 16 17
4 5 6 7 8 9 10 11 12 13 14 12 16 17 18 19 20 20 22 12 24 25 26 27 28 29
4 5 6 7 8 9 10 10 5 13 14 5 16 17 18 19 20
4 5 6 7 8 9 10 11 12 13 14 15 16 17 18 19 20 8 22 23 24
4 5 6 7 5 9 10 11 12 13 14 15 11 17 18 19 20 21 19 5
4 5 5 7 8 9 10 11 12 13 14 15 16 17 18 19 20 21 22 23 24 13 26 27 28 29
4 5 6 7 8 9 10 11 12 13 14 15 16 17 18 19 20 21 22 23 24 25 26 27 6 29 30 31 32 33 34 35 36 37 38 39 20 41 42 43 27 45 23 6 48 33 50 51 52 53 54 55 56 57 58 59 60 61 53 63 64 65 65 67 68 69 70 71 32 73 74 75 76 77 78 79 80 81 82 83 84 85 86 48 88 89 90 64 92 92
4 5 6 7 8 9 10 11 12 13 14 15 16 17 5 19 20 6 22 23
4 5 6 7 8 9 10 11 8 13 14 15 16 17 18 19 20 21 22 23 24 25 26 27
4 5 6 7 8 9 10 11 12 13 14 15 16 17 18 19 20 21 22 23 24 25 26
4 5 6 7 8 9 10 11 12 12 14 15 9 17 18 19 20 21 22 23 24 25 26 27 28 29 8 31 22 33 34 35 36 29 38 39 25 41 42 43 44 45 46 47 48 49 50 51 52 53 54 55 25 57 25 59 25
4 5 6 7 8 9 10 11 12 12 14 15 9 17 18 19 20 21 22 23 24 25 26 27 28 29 8 31 22 33 34 35 36 22 38 15 40 25 42 43 44 45 46 47 48 49 25 51 52 53 54 55 56 38 56 59 56
4 5 6 7 8 9 9 11 12 13 14 15 16 17 18 18 20 21 22 23 24 25 26 27 28 29 14 31
4 5 6 7 8 9 10 11 12 12 14 15 9 17 18 19 20 21 22 23 24 25 26 27 28 29 30 31 22 33 34 35 36 22 38 38 40 41 42 43 44 45 46 47 48 48 50 41 52 53 54 55 56 25 15 41 60 41
4 5 6 7 8 9 10 11 12 13 14 15 16 17 18 19 20 21 22 23 14
4 5 6 7 8 9 10 11 5 13 5 15 16 17 5 19 20 21 22 23 24 25 26 22 28 25 30 31 32 20 34 35 36 34 35 39 40 41 34 43 44 45 46 47 48 49
4 5 6 7 5 9 10 11 12 13 14 15 16 17 18 19 20 21 22 23 24 5 26 27 10 29 12 31 32 33 10 35 36 37
4 5 6 7 8 9 10 11 12 13 14 15 16 17 18 19 20 21 22 23 24 25 26 27 28 29 30
4 5 6 7 8 9 10 11 7 13 14 15 16 17 18 5 20 7 5 23 24 25 8 27 28 29 30 31 32 33 17 18 36 37 38 39 40 41 42 43 44
4 5 6 7 8 9 10 11 12 13 14
4 5 6 7 8 9 10 11 11 13 14 15 16 17 18 19 20 21 22 23
4 5 6 7 8 9 10 11 12 13 5 5 16 17 18 19 20 11 22 23 22 25 26 27 28 18
4 5 6 7 8 9 10 11 12 13 14 15 16
4 5 6 7 8 9 10 11 12 13 14 15 16 17 18 19 20 21 22 23 24 25 26 27 28 29 30 31 32 12 34 35 36 37 38 39 40 41 42 43 8 42 46 47 10 32 50 23 13 22 38 55 56 36
4 5 6 7 8 9 10 11 12 13 14 15 16 17
4 5 6 5 8 9 10 11 12 13 14 5 16 17 18 19 20 5 22 5 24 25 25 11 28 29 30 31 32 33 34 33 36 37 38 39 25 41 42 43 44 45 46 17 48 49 50 51 52 49 50 55 56 45 46 59 60 61
4 5 6 7 8 9 10 11 12 13 14 15 16 17 18 19 20 21 22 23 24 25 26 27 28 29 30 31 32
4 5 6 7 8 9 10 11 12 13 14 15 7 17 18 19 20 21 22 23 24 25 26 27 28 29 17 31 17 33 34 19 17 29
4 5 6 7 8 9 10 11 10 13 14 15 16 17 11 19 20 21 22 23 24
4 5 6 7 8 9 10 11 12 13 14 8 16 17 18 19 5 21 13 23 24 25 5 27 28 5 30 31 32
4 5 6 7 8 9 10 11 12 13 14 15 14 17 18 19 20
4 5 6 7 8 9 10 11 12 13 14 15 16 17 18 19 20 21
4 5 5 7 8 9 10 11 12 13 10 5 16 13 18 19 5 21 22 23 24 25 26 27
4 5 6 7 8 6 10 11 5 13 14 15 16 17 18 19 5 13 22 23 24 25 26 27 28 5 6 31 32 33
4 5 6 7 8 5 10 11 12 13 14 15 16 17 5 19 20 21 22
4 5 6 7 8 9 10 11 12 10 14 15 16 17 18 19 5 21
4 5 6 7 8 9 10 11 12 13 14 15 16
4 5 6 7 8 9 10 11 12 13 14 15 16 17 18 19 20 21 22 23 24
4 5 6 7 8 9 10 11 12 13 14 15 16 17 18 19 20 21 22 23 24 25 26 27 28 29 11 31 32 33 34 35 35 37 38 5 40 41 42 43 5 45 46 12 48 49 10 51 52 53 10 55 56 57 58 59 60 61 62 63
4 5 6 7 8 9 10 5 12 13 14 15
4 5 6 5 8 9 10 11 12 13 14 15 16 17 18 19 20 21 22
4 5 6 7 8 9 10 11 12 13 5 15 16 17 18
4 5 6 7 8 9 10 11 12 13 14 15 13 17 18 19 18 21 22 23 24 25 26 27 28 29 30
4 5 6 7 8 9 10 11 12 13 14 15 16 12 18 19 20 12 22 23 24 25 26 27 28 29 30 31 32 33 34 35 30 37 38 39 33 41 42 42 44 45 46 47 48 49 50 51 52 33
4 5 6 5 8 9 10 11 12 13 14 11 16 17 18 19 20 21 22 5 24 25 26 17 28 29 30 31 14 33 34 35 36 37
4 5 6 7 8 9 10 11 12 13 14 15 16 17 13 17 20
4 5 6 7 8 9 10 11 12 13 6 15 16 17 18 19
4 5 6 7 8 9 10 11 12 13 14 15 16 17 18 19 20 21 22 23 24 25 26 27 28
4 5 6 7 6 9 10 11 6 13 14 15 16 6 18 19 6 5 7 23 24 25 26 16 28 16 30 31 32 33 34 35 36 37 38
4 5 6 7 8 9 10 11 12 13 14 15 16 17 18 19 20 21 22 17 20 25 26 27 28 29 28 20
4 5 6 7 8 9 5 11 12 13 12 15 16 17 5 19 20 17 22 23 24 25
4 5 6 7 8 9 10 11 10 13 10 15 6 17 18 19 20 21 22 23 24 25 26 27 6 29
4 5 6 7 8 9 10 11 12 13 14 15 16 17 18
4 5 6 7 8 9 10 9 12 13 14 15 16 17 18 19 20 21 22 9 24 25
4 5 6 7 8 9 10 11 12 13 14 15
4 5 6 7 8 9 10 11 12 13 14 15 16 17 18 19 20 21 22 5 24 11 26 27 15 29 17 31 32 15 34 5 5 37 38 39 40 41 42 43 44 45 39 47 48 41 42 43 52 53 54 55 56 57 11 59 43 7
4 5 6 7 8 8 6 11 12 13 14 15 16
4 5 6 7 8 9 10 11 12 13 14 15 14 17 18 19 15
4 5 6 7 8 9 10 11 12 13 14 15 16 17 18 19 20 11
4 5 6 7 8 9 10 5 12 13 14 15 14 17 18 5 20
4 5 6 7 8 9 10 11 12 13 14 15 16 17 18 19 9 21
4 5 6 7 8 9 10 11 12 13 5 15 16 10 18 19 20 21 22 23 24 25 26
4 5 6 7 8 9 10 11 12 13 14 14 8 17 18 19 20 21 22 23 24 25 26 27 28 29 30 31 32
4 5 6 7 8 9 6 5 12 13 14 15 16 17 18 19 20 21 22 5 5 25 12 27 28 29 30 31 32 33 34 12
4 5 6 7 8 9 10 11 12 13 14 15 16 17 18
4 5 6 7 8 9 10 11 12 13 14 15 16 17 18 19 13 21 22
4 5 6 7 8 9 10 11 12 13 14 15 16 17 18 19 20 21 22 23 24 19 26 27 28 29 30 23 32 33 34 21 36 37 38 39 40 41 42 43 44 45 46 47 48 49 50 51 52 53 54 55
4 5 6 7 8 9 10 11 12 13 14 15 16 17 18 19 20 21 22 23 24 25 15 27 28 29 30 31 32
4 5 6 7 8 9 10 11 12 13 14 15 16 17 18 19 20 21 22 23 24 25 26 27 26 25 18 31 32 33 34 35 36 11 38 39 36 41 42 43 36 45 46 18 43 26 50 51 31 53 54
4 5 6 7 8 9 10 11 12 13 14 15 16 17 18 19 20 21 22 23 24 25
4 5 6 7 8 9 10 11 12 13 14 15 16 17 18 19 20 21 22 23 24 25 26 27
4 5 6 7 8 9 10 9 12 13 14 15 16 17 18 15 20 21 22 10 9 25 26 27
4 5 6 7 8 9 10 11 12 13 14 15 16
4 5 6 7 8 9 10 11 12 13 14 11 16 17 18 19 20 21 22 23 24 25 25 27 28 29 30 31 32 33 34 35 36 37 38 39 19 17 32 43 44 45 17 47 31 49 50 45 43 43 54 55 56 57 58 59 60 61 59 63 64 65 66 67 68 69 43 37 18 55 74 49 76 77 78
4 5 6 5 8 9 10 11 12 13 14 15 16 17 18 19 20 15 22 23 24 25 26 27 28 29 30 10 32 33 34 35 24 37 38 39 40 41 42 38 44 45 46 27 48 49 50 51 6 45 54 11 56 57
4 5 6 7 8 9 10 11 12 13 14 15 16 17 18 19 20 21 22 6 24 25 26
4 5 6 7 8 9 10 11 12 13 14 15 16 17 18 19 17 21 22 23 24 21 26 27 8 12 30 31 32 17 34 35 36 37 38 35 40 41 42 43 44 45 46 5 24 49 6 21 31 53 54 55 56
4 5 6 7 8 9 5 11 12 13 14 15 16 12
4 5 5 7 8 9 10 11 12 13 14
4 5 6 5 8 9 10 11 10 13 14 15 16 17 18 19 20 21 22 23 24
4 5 6 7 8 9 10 11 12 13 14 15
4 5 6 7 8 9 10 11 9 13 14 15 16 17 18 19
4 5 6 7 8 9 10 11 12 13 14 13 16 17 12 19 20 21 22 23 24 25 26 27 28 29 12 31 21 33 34 35 36 37 38 39
4 5 6 7 8 9 10 11 12 13 14 15 16 17 18 19 17
4 5 6 7 8 9 10 11 12 13 14 15 16
4 5 6 7 8 9 10 11 12 13 14 13 16 17 18 19 20 21 22 23 24 25 26 27 12 29 12 31 32 33 34 35 36 37 38 39
4 5 6 7 5 6 10 11 12 13 6 15 16 17 18 19 20 21 22 5 5 25 26 27 11 15
4 5 5 7 8 9 10 11 12 13 14 15 16 17 18 19 20 21 22 23 24 19 20 27 11 5 30 14 19 33 34 35 19 37 38 39 5 37 42
4 5 6 7 8 9 10 11 12 13 14 15 10 17 18 19 20 21
4 5 6 7 8 9 10 5 12 13 14 15 16 17 18 19 20 21 22 13 24 25 26 5 28 29
4 5 6 7 8 9 10 9 12 13 14 6 16 17 18 14 20 6 17 23 24 25 26 25 9 29
4 5 6 7 8 9 10 11 12 13 14 15 16 17 12 19 20 21 22 14 24 25 26 27 19 29 30 30 32 33 34 35 30 37 38 39 40 41 42 43 30 37 38 47 48 48 50 51 52 11 54 55 7
4 5 6 7 8 6 6 11 12 13 14 15 15 17 18 19 20 21 22 23 24 25 26 27 28 29 15 31 32 33 34 35 36 37 24
4 5 6 7 8 9 10 11 12 13 14 15 16 17 18 19 20 21
4 5 6 7 8 9 7 11 7 13 14 11 16 17 11 17 11 21 22 5 24 25 9 27 28 29 9 31 32 33 34 35 36 37 38 39
4 5 6 7 8 9 10 11 12 13 14 15 16
4 5 6 7 8 9 10 11 5 8 14 15 5 17 18 5 20 5 22 23 5 25 26 27 28 29 30 27 32 33 34 35 36 37 38 39 40
4 5 6 7 8 9 10 11 12 13 14 15 16 5 18 19 20
4 5 6 7 8 9 10 11 12 13 14 15 16 17 18 19 20 21 22 23 24 11
4 5 6 7 8 9 10 11 12 12
4 5 6 7 8 9 10 11 12 13 14 15 16 17 18 19 20 21 22
4 5 6 7 8 9 10 11 12 13 14 15 16 17 18 19 20 21 5 10 24 25 26 27 28 28 30 31 32 11 34 35 36 37
4 5 6 7 8 9 10 11 12 13 14 15 16 17 18
4 5 6 7 8 9 10 11 12 13 14 15 16 17 18 19 20 21 22 23 24 25 26 27 28 29 30 31 22 29 34 35 36 37 38 15 40 41 42 15 21 22 46 47 48 26 50 22 52 53 54 55 56 57 58 59 28 55 62 22 55 65
4 5 6 7 8 8 6 11 12 13 14 15 16 17 8 19 20 21 22 23 8 6 20 27 28 29 30 14 5 33 34 35 36 37 38 39 13 14
4 5 6 7 8 9 10 11 12 13 14 15 16 17 5 19 20 21 22
4 5 6 7 8 9 10 11 12 9 14 15 16
4 5 6 7 8 9 10 11 12 13 14 15 16 17 18 19 20
4 5 6 7 5 9 10 7 12 13 14 15
4 5 6 7 8 9 10 11 12 13 14 15 16 17 18 19 20 21 22 23 22 25 26 27 28 29
4 5 6 7 8 9 10 5 12 13 14 15 16 5 18 19 20 21 22 23 24 25 26
4 5 6 7 8 9 6 5 12 13 14 15 16 17 18 19 5 21 22 23 5 25
4 5 6 7 8 9 10 11 12 13 14 15 16 17 18 19 20 20 22 23 24 25 26 27 28 29 30 19 32 33 34 35 20 37 38 39 40 41 27 43 40 41 46 43 48 49 50 51 40 41 54 55 56
4 5 6 7 8 9 10 11 12 13 14 15 16 17 18 11 20 21 22 23 24 25 26 27 28 29 30 31 11
4 5 6 7 8 9 10 11
4 5 6 7 8 9 10 5 12 13 14 15 16 5 18 19 20 21 22 23 24 9 9
4 5 6 7 8 9 10 11 12 13 9 15 5 17 18 5 10 21 22 23 10 25 26 27
4 5 6 7 8 9 10 11 12 13 14
4 5 6 7 8 9 10 11 12 13 14 15 16 17 18 19 20 21 22 23 24 25 26 27 28 29 30 13 32 33 34 35 36 37 38 39 40 41 42 43 44 45 46 47 48 49 50 51 48 39 5 55 56 23 55 48 60
4 5 6 5 8 9 10 11 12 5 14 15 16 17 18 19 20 21 22
4 5 6 7 8 9 7 11 6 13
4 5 6 7 8 9 10 11 12 13 14 15 16 17 18 12 20 5 22 23 9 23 26 27
4 5 6 7 8 6 6 11 12 13 14 15 16 16 18 19 13 21 22 23 24 25 26 27 28 6 6 31 32 33 31 35 36
4 5 6 7 8 9 10 11 12 13 14 15 16 17 18 19 15 21 22 23 24 25 26 27 28 29 30 31 32 33 34 35 36 37 38 39 38 41 42 43 44 45 45 47 48 49 50 51 49 50 54 55 50 54 58 59 60 50 62 63 64 65 66 67 68 58 35 71 72 35 74 35 76 77
4 5 6 7 8 9 10 11 12 13 14 15 13 17 18
4 5 6 7 8 9 10 11 12 13 14 15 16 17 18 19 20 21 10 23 10 25 26 27 28 29
4 5 6 6 8 9 10 11 12 13 14 15 14
4 5 6 7 6 9 10 11 12 13 14 15 16 17 18 19 20 21 22 23 24 25 26 24 28 29 30 31 32 33 34 35 36 33 38 39 32 33 42 43 44 45 46 46 48 49 50 51 52 53 54 55 56 29 58 59
4 5 6 7 8 7 10 8 10 13 7
4 5 6 5 8 9 10 11 12 13 14 15 16 17 8 19 20 21 22 23 24
4 5 6 7 8 9 10 11 12 13 14 15 16 17 18 19 12 21 22 22 24
4 5 6 7 8 9 10 11 12 13 14 15 16
4 5 6 7 8 9 10 11 12 13 14 15 16 17 18 19 20 11 22 23 24 25 26 27 28 29 30 31 12 33 20
4 5 5 7 8 9 9 11 12 13 14 15 16 9 18 19 20 21 22 23 5 14 26 27 9 29 30 31 32 33 34 35 36 37 5 39 40 9 42 43 44 45 46 47 48 49 50 51 9 53 54 9 56 9
4 5 6 7 8 9 5 11 12 13 14 15 16 17
4 5 6 7 8 9 10 11 12 13 14 15 16 17 5 10 20 21 22 10 24 25 26
4 5 6 7 8 9 10 11 12 13 14 15 16 17 18 5 20 21 22 23 24 25 26 27 28 25 30 31
4 5 6 7 8 9 10 11 12 13 14 15 5 13 18 19 20 21 22 23 24
4 5 6 7 8 9 10 11 12 13 14 15 16 17 17 19
4 5 6 7 8 9 10 11 12 13 14 15 16 17
4 5 6 7 8 9 10 11 12 13 14 15 16 17 18 19 20
4 5 6 7 6 9 10 11 12 13 14 15 16 6 18 19 20 21
4 5 6 7 8 5 10 5 12 13 14 15 16 17 18 19 20 21 22 5 14 10
4 5 6 7 8 9 10 11 12 13 14 15 16 17 18 19 20 5 22 23 24 25 26
4 5 6 7 8 9 10 11 5 13 14 15 16 17 18 19 20 21 22 23 24 25 26 27 28 29 11 31 32 33 34 7 5 7 38 39 40 41 42 40 44 40 46 47 40 49 50 51 52 53 54 51 56 57 58 59 60 61 62 63 64
4 5 6 7 8 9 10 11 12 11 14 15 16 17 18 19 20 21 22 7 24 8 26 27 8 29 30 31 30 33 10 30 6 17 38
4 5 6 6 8 9 10 11 12 13 14 15 16 17 18 19 20 21 17 23 24 25 10 27 5 29 30 31 32 33 34 10 27
4 5 6 7 8 9 10 11 12 13 14 15 16 17 18 19 20 21 22 23 24 25 26 27 28 29 30 31
4 5 6 7 8 9 10 11 12 13 14 15 16 17 18 19 20 20 22 23 24
4 5 6 7 8 9 10 11 12 13 14 15 16 17 18 12 20 21 22 23 11 25 18 27 28 29 30
4 5 6 7 8 9 10 11 12 13 14 15 16 17 18 19 20 21 22 23 24
4 5 5 7 8 9 10 11 12 13 14 15 16 17 18 19 20 21 22 23 24 25 26 27 28 19
4 5 6 7 8 9 10 11 5 13 14 15 16 17 18 5 14 21 22 23 24 25 26 27 10
4 5 6 7 8 9 10 11 12 13 14 15 16 17 18 19 20 21 22 23 24 25 26 27 28 29 30 26 5 33 34 35 36 33 38 39 40 41 42 43 44 45 34 47 36 5 36 33 52 35
4 5 6 7 8 9 10 11 12 13 14 15 16 17 18 19 20
4 5 6 7 8 9 10 11 12 13 14 15 16 17 18 19 20 21 22 23 13 25 26 27 28 29 30 31 32 33 34 35 36 37 38 39 40 41 42 10 44 30 46 47 48 49 50 51 48 39 54 39 56 57 58 59
4 5 6 7 8 9 10 11 12 13 14 15 16 17 18 19 20 21 22 23 24 25 26
4 5 6 7 8 9 10 11 12 13 14 15 16 17 18 8 20 21 22 17 15 11 26 27 28 18 30 15 11 33 17 18 36 37 38 39 40 41 42 10 44 45
4 5 6 7 8 9 10 11 12 13
4 5 6 7 8 9 10 11 12 13 14 6 16 17 18 19 20 21 22 23 24 25 26 27 28 29 30 31 32 23 34 35 22 37 6 39 40 41 42 43 44 45 46 47 30 49 50 51
4 5 6 7 8 9 10 11 12 8 14 15 16 17 18 19 20 21 22 23 24 5 17 27 28 29 30 31 32 33 34 35
4 5 6 7 8 9 10 11 12 13 14 15 16 17
4 5 6 7 8 9 10 11 12 5 5 15 16 17 18 19 20 21 22 23 24 25 26 5 28 29 26 31 32 33 5 6 36 5 38 5 40
4 5 5 7 8 9 10 11 12 13 14 15 16 17 18 8 20 21 22 23 24 8 26 27 28
4 5 6 7 8 9 10 11 12 13 14 15 16 11 18 19 20 21 22 23 24 25 18 27 28 29
4 5 6 7 8 9 10 11 12 13 14 15 16 17 18 19 20 21 22 23 24 25 26 27 28 29 30 31 32 33
4 5 6 7 8 9 5 11 12
4 5 6 7 8 9 10 11 12 13 14 15 16 17 18 19 20 21 22 23 24 12 26 27 28 29 30 31 32 33 34 35 36 37 13 39 40 41 29 43 31 45 46 47 48 15 48 51 14 29 30 31 45 46 58 59 60 29 62 63 30 62 31 45 35 20 20 71 20 29 30 75 35 77 77 71 77 81 30 31 84 85 86 87 88
4 5 6 7 8 9 10 11 10 13 14 15 16 17 18 19 20 21 22 23 19 25 26 17 28 29 28
4 5 6 7 8 9 10 7 12 13 14 15 16 17 18 19 20 14 22 23
4 5 6 7 8 9 10 11 12 8 14 15 16 17 18 19 20 21 22 23
4 5 6 7 8 9 10 11 12 13 14 11 16 16
4 5 6 7 8 9 10 11 12 13 14 15 16 17 18 19 20 21 17 23 24 25 26 27 28 18 30 31 32 33 34 35 36 37 38 39 40 41 42 43 44 45 46 47 18 49 45 51 52 53 54 32 5 57 58 18 60 49 62 63 53 65 66 67 68 69 67 71 20 73 74 23 76 46 47 5 80 32 82 83 18 85 86 5 67 76 80 91
4 5 5 7 8 9 9 11 12 13 14 15 16 17 18 14 20 18 22 23 24 25 26 18 28 28
4 5 6 7 8 5 10 11 12 13 13 15 16 5 18 19 20 21 22 23
4 5 6 7 8 9 10 11 12 13 14 15 9
4 5 6 7 8 9 10 11 12 13 14 15 5 17 18 5 20 21 22 23 24
4 5 6 7 8 9 10
4 5 6 7 8 9 10 11 12 13 14 15 16 17 18 19 20 21 6 23 24 10 26 27 28 6 30 31 32 33
4 5 6 7 8 9 10 5 12 13 5 15 16 17 18 19 16 21 22 16 17 18 26 22
4 5 6 7 5 9 10 11 12 7 14 15 16 9 18 19 16 21 22 11 24 5 26 27 28
4 5 6 5 8 9 10 11 5 5 14 15 16 17 18 19 20 21 22 23 24 25 26 20 28 29 30 31 32
4 5 6 7 8 9 10 11 12 10 14 9 16 17 18 19 20 21 22 23 24 25 26 20 28 29 30
4 5 6 7 8 9 10 11 12 13 14 15 16 17 18 19 12 21 22 23 24 25 25 24 28 29 30 31 32 33 34 35 34 37 38 8 31
4 5 6 7 8 9 10 11 12 13 14 9 16 13 18 19 13 11 22 23 24 11 26 27 28
4 5 6 7 8 9 10 11 12 13 14 15 16 17 18 19 10 21 22 23 10 10 26 9 28 29 30 31 32 33 34 35 36 37 38 39
4 5 6 7 8 9 8 11 12 13 14 15
4 5 6 7 8 9 10 11 12 13 14 15 16 17 18 19 20 6 22 23 6 6 5 27 28 14 30 31 32 33 10 5
4 5 6 7 8 9 10 11 12 13 5 15 16 13 18 19 20 21 13 23 24 19 13 27 28 29 30 20 20 33 34 35 24 37 38 21 40 41 42 43 44 15 46 47 48 49 50 51 52 53 54 55
4 5 6 7 8 9 10 11 12 13 14 15 16
4 5 6 7 8 9 10 11 12 13 14 15 12 17
4 5 6 7 8 9 10 11 12 13 14 15
4 5 6 7 8 9 10 11 12 13 14 15 16 17 18 19 16 21 22 23 24 25 26 27 28 5 30 31 32 33
4 5 6 7 8 5 10 11 12 13 14 15 16
4 5 6 7 8 9 10 11 12 13 14 15 16 17 18 19 20 21 8 23 24 25 26 27
4 5 6 7 8 9 6 11 12 13 14 15 16 17 18 19 16 7 22 23 24 16 9 27 28 29 30 31 32 33 9 35 36 37 9 39 40 41
4 5 6 7 8 9 10 11 12 13 14 15 8 17
4 5 6 7 8 9 10 11 12 7 6 15 16 17 18 19 7 21 22 23 24 25 7 24 28 29 30 31 5 33 5 35 36 37 38 25 40 41 7 43 44 29 35 31 7 49 38 51 52 53 54 55 56 57 58 59 60 61 62 63 64 5 66 67 68 69 70 71 72 73 7 75 76 68 78 31 5 81 82 83 84 85 5 87 88 89 85 91 92 93 94 7 91 78 31 7 100 82
4 5 6 7 8 9 10 11 12 13 14
4 5 6 7 6 9 10 11 12 13 14 15 13 17 18 19 20 15 22 23
4 5 6 6 8 9 10 11 12 13 10 15 16 17 18 19 20 21 22 23 11 25 19 27 28 29 30 31 32 15 34 35 15 11 11 25 40 41 42
4 5 6 7 8 9 10 11 12 13 14 15 16 17 18 19 20 21 22 23 24 5 14 27 28 29 30 22 32 33 34 35 36 37 38 39 40 41 42 43 44 11 46 47 48 49 50 51 52 53 50 41 5 41 58 16 60 61 62
4 5 6 7 8 9 10 11 12 13 14 15 16 17 18 19 20 21 22 23 24 25 26 27 25 29 30 31 32 33 34 35
4 5 6 7 5 9 10 11 12 10 14 15 9 17 9 19
4 5 6 7 8 9 10 11 12 13 14 15 16 17 18 19 20 21 22 23 24 25 26 27 28 29 20
4 5 6 7 8 9 10 11 12 13 14 15 16 17 18 19 20 21 22 23 24 25 14 27 28
4 5 6 7 8 9 10 5 12 13 14 15 16 17 18 19 20 21 22 23 24 19 26 27 28 22 24 19 32 33 34 35 36 37 38 21 17 19
4 5 6 7 8 9 7 11 12 13 7 5 7 17 18 19 20 21 22 23 24 25 26 27 28 29 30 31 32 7 34 35 36 37
4 5 6 7 8 9 10 5 12 7 7 5 6 17 7 19 20 5 22 23 24 25 26 27 28 29 30 31 32 7 34 35 36 37 38 39 40 41 42 43 44 45 46 47
4 5 6 7 8 9 10 11 12 13 14 15 16 17 5 19 5 21 11 23 24 5
4 5 6 7 8 9 10 11 12 5 14 15 16 5 18 19 18 21 16 23 5
4 5 6 7 8 9 10 11 12 13 14 15 16 17 18 19 20 21 22 23 24 25 14 27 28 29 30 31
4 5 6 7 8 9 10 11 12 13 14 15 5 14 18 19 20 21 22 23 24 5 14 27 28 29 30 22 32 33 34 35 36 37 38 39 40 41 42 43 44 11 46 32 48 49 50 51 52 53 54 41 56 57 58 56 41 50 62
4 5 6 7 8 9 10 11 12 10 14 15 16 17 18 19 20 21 18 23 24
4 5 6 7 8 9 10 11 12 13 9 15 16 17 5 10 20 21 22 10 24 25 26
4 5 6 7 8 9 10 11 12 13 12 15 16 17 18 19 20 21 22 23
4 5 6 7 8 9 10 11 12 13 11 15 16 17 18 19
4 5 6 7 8 9 10 11 12 13 14 15 16
4 5 6 7 8 9 10 11 12 13 14 15 16 5 18 19 20 21 22 15 24 25 26 27 28 29 30 31 32 33 34 5 36
4 5 6 7 8 9 10 6 6 13 14 15 16 17 18 17 20 21 22 23 5 22 23 27 28 29 6 15 32 33 5
4 5 6 7 8 9 10 11 12 13 14 10 16 17 18 19 20
4 5 6 7 8 9 10 11 5 13 14 15 16 17 18
4 5 6 7 8 9 10 11 12 13 14 15 12 17 18 19 20 21 22 23 24 25 26 27 12 5 30 7 32 6 34 5 36 37 38 37 40 41 42 43 44 45 46 47 48
4 5 6 7 8 9 10 11 12 5 14 5 6 17 18 6 20 21 22 23 24 25 26 27 28 29 30 31 32 33 34 35 5 37 5 5 6 41 42 43 44 45 46 47 48 49 50 51
4 5 6 7 8 9 10 11 6 13 14 15 16 17 15 19 20 21 22 23 24 23 26 27 28 29
4 5 6 7 8 9 10 11 12 13 14 15 16 17 18 19 20 21 20 23 24 25 26 27 28 29 30 31 32 33 34 35 36 37 38 39 40 41 42 43 44 45 46 47 48 49
4 5 6 7 8 9 10 11 5 13 14 15 16
4 5 6 7 8 9 10 11 12 13 14 15 16 17 18 19 20 8 22 23 24 25 26 27
4 5 6 7 5 9 10 11 12 13 12 13 16 17 18 19 20 21 21 5 24 25 26 27 28 29 30 5 32 33 34
4 5 6 7 8 9 10 5 12 13 14 15 16 17 18 19 20 21 22 23 24 25
4 5 6 7 8 9 10 11 12 13 14 15 16 17 7 19 7 21 22 14 24 25 26 27 28 29 16 29 32 33 34 35 36 37 38 39 40 27 42 26
4 5 6 7 8 9 10 7 5 13 14 15 16 17 5 19 20 21 22 23 24 25 26 27 28 29 30 31 32 33 34 35
4 5 6 5 8 9 10 11 12 13 14 15 16 17 18 19 20 21 22 9 11 25 26 27 28 29 27 31 32 33 34 35 36 37 13 39 19 41 42 43 44 45 46 47 45 49 45 28 29 53 54 55 56 57 58 59 60 61 62 63 58 65 66 45 46 29 70 71
4 5 6 7 8 9 10 11 12 5 14 5 16 17 18 5 20
4 5 6 7 8 9 10 5 12 13 14 15 16 17 18 19 20 21 22 23 24 25 5 27 28 29 30 31
4 5 6 7 8 9 10 11 6 13 14 15 16 17 18 13 20 21 22 23 24 25 26 27 28 29 5 31 32 14 34 7 36 6 14 39
4 5 6 7 8 9 10 11 12 13 14 15 13 17 18 19
4 5 6 7 8 9 10 11 12 13 14 15 16 17 18 19 20 21 22 23 24 25
4 5 6 7 8 9 10 11 12 13 14 15 16 17 18 19
4 5 6 7 8 9 10 11 12 9 14 15 10 17 18 19 20 21 22 23 9 9 18 27 28 29 30 31 32 33 34
4 5 6 7 8 9 10 11 12 10 14 15 16 17 18 19 20 17 22 23 24 25 26 12 28
4 5 6 7 8 9 6 6 12 12 14 15 16 17 18 19 20 21 22 23 24 24 26 27 28 29 30 31 32 33 34 35 36 37 38 39 40 41 42 43 44 26 46 47 48 49 50 51 52 53 46 55 56 50 58 33 60 61 62 63 64 65 66 67 68 69 70 71 72 73 74 75 62
4 5 6 7 8 9 10 11 12 13 14 15 16 17 18 16 20 21 22 23 24 25 26 27 28 29 30 31 32 33 34 35 36 37 38 39 40 41
4 5 6 7 8 9 10 11 12 11 12 15 16 11 18 19 11 12
4 5 6 7 8 9 10 11 11 13 14 15 16 17 18 13 20 9 22 23 24 25 8 22 28 29 8 31 32 33 34 35 5 37 38
4 5 6 7 8 5 10 11 12 7 14 15 16 5 18 19 11 21 22 23 24 25 26 21 28 29 30 31 32 33 34 35
4 5 6 7 8 9 10 11 8 13 14 11 16 17 18 19 11 21 22 23 24 21 26 27 11 29 30 31 32 33
4 5 6 7 8 9 10 11 12 13 12 15 16 17 12 19
4 5 6 7 8 9 10 11 12 13 14 15 16 17 18 19 15 21 22 23 24 25 26 27 28 29 30 31 32 25 31
4 5 6 7 8 9 10 11 12 5 14 15 16 17 18 19 20 21 22 23 24 25 26 27 28 29 30 12 32 33 34 35 36 5 8 39 40 5 42 43 5 43 5 47 48 5 50 51 52 53 54 55 52 57 58 59 60 61 62 63 64 33
4 5 6 7 8 9 10 11 12 13 14 8 16 17 18 19 20 21 22 23 24 25 26 27 28 29 19 31 32 33 34 33 36 37 38 28 40 41 42
4 5 6 7 8 9 10 11 12 13 14 15 16 17 18 19 20 21 22 23 24 25
4 5 6 7 8 9 10 11 12
4 5 6 7 8 9 10 11 12 13 14 15 16 17 18 19 20 5 19 23 24 25 26 27 28 5 30
4 5 6 7 8 9 10 11 12 13 14 15 5 17 18 19 20 21 22 23 24 25 26 14 28 29 30 31 22 33 34 35 36 37 38 39 40 41 42 43 44 45 46 47 48
4 5 6 7 8 9 10 11 12 13 14 5 16 17 18 19 20 21
4 5 6 7 8 9 10 11 12 13 10 15 16 17
4 5 6 7 8 9 10 11 12 13 14 15 16 17 18 19 20 9 10 23 18 25 26 27 28 29 30 31 16
4 5 6 7 8 9 10 10 12 13 14 15 16 17 18 19 20 21 22 23 24 25 26 27 28 29 30 31 32 33 34 35 36 37 38 18 16 41 31 43 44 16 46 47 48 49 44 31 31 53 54 55 56 57 58 59 17 58 62 63 64 65 66 67 68 31 70 71 58 73 48 75 76 77
4 5 6 7 8 9 10 11 12 13 14 15 16 17 18 19 20 21 22 23
4 5 6 7 8 9 10 11 12 13 14 15 16 17 18 14 7 13 22
4 5 6 7 8 9 10 11 12 13 14 15 16 17 18 19 20 21 22 23 24 16 14 27 28 29 30 31 32 33 34 35 36 37 38 39 40 41 42 43 44 11 46 47 48 49 50 51 52 53 50 41 16 57 58 16 41 61 62
4 5 6 7 8 9 8 9 12 13 14 8 16 8 12 19 20 21 22 12 24 25 26 13 28 29 30 31 25 33 34 35 36 37 13 9 40 41 14 37 44 37 46 36 48 49 50 36
4 5 6 7 8 9 10 11 12 13 14 15 16 17 18 19 20 21 22 23 24 25
4 5 6 7 8 9 10 11 12 13 14 15 16 17 18 19 20
4 5 6 7 8 9 5 11 5 13 14 15 16 17 18 5 20 21 22 23 24 25 15 27
4 5 6 7 8 9 10 11 12 13 14 15 16 17 18 19
4 5 6 7 8 9 10 11 12 13 14 15 16 17 18 19 20 21 22 23 18 25 26 9 28 29 30 31 18 33 34 21 36 37 38 39 40 41 42 43 44 45 46 47 48 12 50 51 52 53 54 55 56 57 22 59 60 18 62 63 13 65 65 67 68 69 70 71
4 5 6 7 8 9 10 11 12 13 14 15 16 17 18 19 20 12 22 23 10 25 26 27 28 29 30 31 32 33 34 35 31 37 38 39 40 41
4 5 6 7 8 9 10 11 12 13 14 15 16 17 18 19 20
4 5 6 7 8 9 10 9 12 13 14 15 16 17 14 19
4 5 6 7 6 9 10 11 12 13 14 15 16 17 18 19 9 21 9 23
4 5 5 7 8 5 10 11 12 5 5 15 16 17 18 19 17 21
4 5 6 7 8 9 10 11 12 13 14 15 16 17 18 19 20 21 22 23 24 25 26 22 28 29 30 31 16 33 34 35 36 37 38 39 40 41 42 43 44 45 46 47 16 49 50 51 52 53 54 55 56 57 56 59 60 61 56 63 64 65 66 67 68 69 70 71 72 73 74 75 76 77 78 79 80 81 82 83 28 85 86 87 88 89 90
4 5 5 7 8 9 10 11 12 13 14 15 16 17 18 19 20 21 22 23 24 25 26
4 5 6 7 8 9 10 11 12 13 14 15 16 5 18 19 20
4 5 6 7 8 9 10 11 12 13 14 15 16 17 18 19 20 9 22 23 24
4 5 6 7 8 9 5 11 12 13 14 15 16 17 18 19 20 5 22 23 24 15 5 27 28 17 30 31
4 5 6 7 8 9 10 11 12 13 14 15 16 17 18 19 20 5 22 23 24 25 25 27 28 29 30 17 32 33 34 35 36 37 13 13 27 41 42 29 44 5 46 35 48 14 15 51 52 51 29 30 17 34 58 59 60 61 62 63 64 44 63 5 34 58 20 20 72 20 29 44 17 58 19 19 80 81 62 44 17 85 86 87 88 89
4 5 6 7 8 5 10 11 10 13 14 15 16
4 5 6 7 8 9 10 11 12 13 14 15 16 17 18 19 20 21 17 23 24 19 26 16 28 17 30 31 32 33 34 35 36 37 38 39 40 17 31
4 5 6 7 8 9 10 11 12 13 14 9 16 17 18 19 20 21 22 23 24 25 26 27
4 5 6 7 8 9 10 11 12 13 14 15 16 17 18 19 20 21 22 23 24 11 26 27 28 29 30
4 5 6 7 8 9 10 11 10 11 14 15 8 17 18
4 5 6 7 8 7 10 11 12 11 14 7 16 17 18 19 20 21 22 14 5 25 26 7 8 29
4 5 6 7 8 9 10 11 12 13 14 15 16 17 5 8 20 21 22 23 24 25 5 5 28 29 30 31 6 33
4 5 6 7 8 9 10 11 12
4 5 6 7 8 9 10 11 12 13 14 15 16 17 18 19 20 21 22 23 16
4 5 6 7 8 9 10 11 10 13 14 8 16 17 18 10 18 21 17 23 8 5 26 27 6 29 30 31 32
4 5 6 7 8 9 10 11 12 13 14 15 16 17 18 19 20 21 22 23 24 25 26 27 28 29 30 31 19 33 34 30 5 37 38 39 40 41
4 5 6 7 8 9 10 11 12 13 14 15 16
4 5 6 7 8 9 10 11 12 13 14 15 9 10 18 19 20 18 22 23 24 25 26
4 5 6 7 8 9 10 11 12 13 14 15 16 17 18 19 20 21 22 21 24 25 26 27 28 29 30 31 5 33 34 5 7 8 38 22 40 41 42 40 34 5 46 47 11 19 25 51 52 53 54 28 29 57 58 11
4 5 6 7 8 9 10 11 12 13 14 15 16 17 18 19 20 21 22 23 24 25 26 27 28 29 30 31 32 33 34
4 5 6 7 8 9 10 9 12 13 14 15 16 17 18 19 20
4 5 6 7 8 9 10 11 12 13 14 15 16 17 18 19 12 21 22 23 24 25 26 27 28 29 30 31 32 33 34 35 36 37 26 10 27
4 5 6 7 8 9 10 11 12 13 14 15 16 17 18
4 5 6 7 8 9 10 11 12 13 14 15
4 5 5 7 5 9 10 11 12 13 5 15 16 17 18 19 20 21 22 23 19 19 26 27 28 29
4 5 6 7 8 9 5 11 12 13 14
4 5 6 5 8 9 10 11 12 13 14 15 16 17 18 19 20 21 22 23 24 25 5 27 28 29 30 31 5 33 34 28 15 37 38
4 5 6 7 8 9 10 11 12 13 14
4 5 6 7 8 9 10 11 12 13 14 15 16 10 18 19 11 21 22 23 24 11 26
4 5 6 7 8 9 10 11 12 13 14 15
4 5 6 7 8 9 10 11 12 13 14 13 16 17 18 19 20 5 22 23 24 22 24 27 16
4 5 6 7 8 9 10 11 12 13 14 9 16 17 18 19 20 10 22 23 18
4 5 6 7 8 9 10 11 12 11 12 15 16 17 18 19 20 10 22 23 24 25 26 27 28 10 30 31 32 33 34 35 5 9 38 39
4 5 6 7 8 9 10 10 12 13 14 15 16 17 18 10 13 21 22 9 24 14 26 27 28
4 5 6 7 5 9 10 11 7 13 14 15 16 17 18 19 20 21 22 23 24 25 26 27 28 29 30 31 32 33
4 5 6 7 8 9 7 11 12 13 14 15 16 5 18 19
4 5 6 7 8 9 10 11 12 13 13 15 5 17 18 19 20 21 22 5 24 25 26 27 28 29 30 31 32 33 34 35 36 9 38 39 40 41
4 5 6 7 8 9 10 5 8 13 14 15 16 17 18 19 20 21 8 23 24 25 26 27
4 5 6 7 8 9 10 7 12 13 14 15 16 17 18 19
4 5 6 7 6 9 10 11 12 13 14 15 16 17 18 19 20 21 22
4 5 6 7 8 9 10 11 12 13 14 5 16 17 18 19
4 5 6 7 8 9 10 11 12 13 14 15 16 17 18 15 20 21 22
4 5 6 7 8 9 10 11 12 13 14 13 16 17 16 12 12 21 22 23 24 25 26 27 28 29 30 31 32 12 34 35 35 37 38 39 12 41 42 43 44 45 10
4 5 6 7 6 9 10 11 10 13 14 15 13 17 18 19 20
4 5 6 7 8 9 10 11 12 13 14 15 16 17 18 19 20 21
4 5 6 7 8 9 6 11 12 9 14 9 16 17 18 19 20 9 22 12
4 5 6 7 8 9 10 11
4 5 6 7 8 9 10 11 12 13 14 15 16 17 18 19 20 19
4 5 6 7 8 9 5 11 12 13 9 15 5 17 18 19 18 21 22 23 24 25 26 27 28 29 30 31 32 33 34 35 13
4 5 6 7 8 9 10 11 12 13 14 15 16 17 18 19
4 5 6 7 8 9 10 11 12 13 14 15 16
4 5 6 7 8 9 10 11 12 13 14
4 5 6 7 8 9 10 11 12 13 14
4 5 6 7 8 9 10 11 10 13 14 15 16 17 18 19 20 21 22 23 24 25
4 5 6 7 8 9 10 11 12 13 14
4 5 6 7 8 9 10 11 12 13 14 15 9 17 18 19 20 21 22 23 5 25
4 5 6 7 8 8 10 11 12 13
4 5 6 7 8 9 10 11 12 13 14 15 5 17 18 19 20 21 22 23 24 25 26 27 28 29 30 31 32 33 34 35 18 37
4 5 6 7 8 9 10 11 12 13 14 15 16 17 18 19 20 21
4 5 6 7 8 9 10 11 12 13 14 15 16 12 14 15 20 21 22 23 24 25 26 27 28 29 30 31 32 33 34 35 36 37 38 39 40 41 33
4 5 6 7 8 9 10 11 12 13 14 12 16 17 18 19 20 21 22 23
4 5 6 7 8 9 10 11 12 13 14 6 16 17 18 19 20 21 22 23 24 25 10 27 21 29 30 31 32 33 34 35 27
4 5 6 7 8 9 10 11 12 13 14 15 16 17 18 19 20 21 22 23 24 25 26 27 28 29 30 31
4 5 6 7 8 9 10 11 12 13 8 15 16
4 5 6 7 8 9 10 11 5 13 14 15 16 17 18 19 20 21 22 23 24 25 26 27 28 29 30 31 32 33 34 7 36 7 38 39 5 41 42 43 44 5 46 47 36 49 50 10 52 53 54 55 56 57 58 59 60 61 62 63 64
4 5 6 7 8 9 10 11 12 13 14 15 16
4 5 6 7 8 9 10 11 12 13 14 15 16 17 18 19 20 21 22 23 24 25 26 27 28 29 30 31 32 30
4 5 6 7 8 9 10 9 12 13 10 15 15 17 18 19 20 21 22 9 24 25 26
4 5 6 7 8 9 10 11 12 13 14 15 16 17 18 19 20 19 18 23 24 25 26 27 28 29 30 17 19 33 34
4 5 6 7 8 9 10 11 12 13 14 15 16 17 18 19 16 21 22 23 24 25 26 27 28 29 30 31 32 33 26 35 36 37 26 39 40 6
4 5 6 7 8 9 10 11 5 13 14 15 16 17 18 19 20 21 22 21 24 25 26 22 28 16 30 31 32 33 34 35 36 37 5 39 40 5 42 43 44 45 46 34 5 49 50 51 44 53 54 55 46 6 58 59 5 5 34 40 64 43 66 67 68 69 46
4 5 6 7 8 7 10 11 12 8 14 15 16 17 18 19 20 21 22 19 24 25 26 27 28 29 30 29 32 33 34 35 36 37 38 39 40
4 5 6 7 8 9 10 11 12 13 14 15 13 17 18 19 20 21 22 23 24 25 26 5 28 28 30
4 5 6 7 8 9 10 11 12 13 14 15 16 17 18 19 20 21 22 23 24 25 26
4 5 6 7 8 9 10 11 12 13 14 15 16
4 5 6 7 8 9 10 11 12 8 14 15 16 17 18 19 20 21
4 5 6 7 8 9 10 11 12 13 14 15 16 5 18 19 20 21 22
4 5 6 7 8 9 7 11 12 13
4 5 6 7 8 9 10 11 9 13 14 15 13 17 18 19 20 21 22
4 5 6 7 8 9 10 11 12 13 14 15 16
4 5 6 7 8 9 10 11 12 13 14 15 16 17 18 19 20 21 22 23 24 25 26 27 28 29 8 22 32 33 34 35 36 37 38 39 40
4 5 6 7 8 6 7 11 12 13 14 8 11 17 18 5 20 21 22 23 24 25 26 27 28 29 30 31 5 33 34 25 36 37 34
4 5 6 7 8 9 10 11 12 12 14 15 16 17 18 19 20 21 22 23 24 25 26 27 28 29 30 31 22 33 34 35 36 22 38 38 24 25 42 43 44 45 46 47 48 49 50 51 52 53 25 15 25 57 25
4 5 6 7 8 5 10 6 6 13 14 15 16 17 18 19 20 21 22 6 6 25 10 27 28 29 30 31 32 33 34 6
4 5 6 6 8 9 10 11 12 13 14 15 16 17 18 19 20 21 22 23 24 10 26 27 28 29 30 31 32 33 10 11
4 5 6 7 8 9 10 11 12 13 14 15 16 17 18 19 20 21 17 23 24 25
4 5 6 7 8 5 10 11 12 13 14 15 16 17 18 19 18 21 22 23 24 25 26 27 24 29 30 31 32 33 34 35 36 37 38 39
4 5 6 7 8 9 10 11 12
4 5 6 7 8 9 6 11 12 13 14 15 16 17 18 19 20 21 16 18 24 25 26 27 28 29 12 7
4 5 6 7 8 9 10 11 12 13 14 15 16 17 18
4 5 6 7 8 9 10 11 12 8 14 15 16 17 18
4 5 6 7 8 9 10 11 12 13 14 5 16 17 18 19 20 21 22 23 24 5 22 27
4 5 6 7 8 9 10 11 12 13 5 15 16 17 18 19 20 21
4 5 6 5 8 9 10 11 12 13 9 15 16 5 18
4 5 6 7 8 9 6 11 12 13 7 15 16 17 18 7 20 7 22 23 24 23 5
4 5 6 7 8 9 10 11 12 13 14 15 16 17 18 19 20 21 22 23 24 25 12 27 28 29 16 20 32 33 20
4 5 6 7 8 9 10 11 12 13 14 15 16 17 18 19 20 21 22 23 24 5 17 27 28 29 30 31 32 33 34
4 5 6 7 8 9 10 11 12 13 14 12 16 5 6 19 6 21 22 5 24 25 9 27 28 27 30 5 32 33 34
4 5 6 7 8 9 10 11 12 13 14 15 16 17 18 12 15 21 22 23 24 25 26 27 16 17 18 31 15 33 11 11 36 37 38 39 40 41 14 43 44 45 46 47 48 23 50 51 52 53 54 48 56 23 58 51 60 61 61 63 64 65 23 67 68 69
4 5 6 7 8 9 10 11 12 13 14 15 16 17 18 19
4 5 6 7 8 9 10
4 5 6 7 8 9 10 11
4 5 6 7 8 9 10 11 12 13 14 15 16 17 12 19 20
4 5 6 7 8 9 10 11 12 13 14 15 16 17 18 19 20 21 22 23 24 25 26 27
4 5 6 7 8 9 10 10 12 13 14 15 16 17 18 16 20 21 22 18 24 25 26 27 28 29 30
4 5 6 7 8 9 10 11 12 13 14 15 16 17 18 19 20 21 22 23 24
4 5 6 7 8 9 10 11 12 13 14 15 16 17 18 11 20 21 22 5 24 25 5 27 28 29 30
4 5 6 7 8 9 10 11 12 13 14
4 5 5 7 8 9 10 11 12 13 14 15 16 17 18 19 20 21 22 23 24 10 26 27 28 29 30
4 5 6 7 8 9 10 11 12 13 14 8 16 17 18 19 20 21 22 23
4 5 6 7 8 9 10 11 12 13 14 15 16 17 18 19 20 21 22 23 6 25 23 27 28 29 12 31 31 33 34 13 31 34 13 39 40 41 42 43 44 45 28 31 48 6 50 51
4 5 6 7 8 9 10 11 12 13 14 15 16 17 18 19 20 21 22 23 24 25 26
4 5 6 7 8 9 10 6 12 13 14 15 16 17 18 19 20 21 22 23 24 23 26 27 28 29 23 31 32 33 34 35 36 37 38 39 40 20 42 43 15 26 46 47 48 49 5 51 52 53 54 55 56 57 58 54 60 61 14 63 64 65 66 67
4 5 6 7 8 9 5 11 12 13 14 15 16 17 18 19 20 21 18 14 24 25 26 27 21 18 30 31 32 33 34 35 36 37 38 39 40 31 42 43 25 45 46 47 48 49 50 51 52 53 54 55 56 57 57 59 60 13 62 63 50 65 66
4 5 6 7 8 9 10 11 12 5 10 15 16 10 18 19 20 21 10 23 24 25 26 27 28 29 30 31 32
4 5 6 7 8 9 10 11 12 13 14 15 16 17 18 19 20 21 22 16 24 25 26 27 28 29 30 31 32 22 34 35 36 37
4 5 6 7 8 9 10 11 12 13 14 15 16 17 18 19 20 13 22 23 24 25 26 27 28 29 30 19 32 19 34 35 36 37 18 39 19 6 42 7 44 5 6 47 48 49
4 5 6 7 8 9 5 11 12 13 14 15 16 17 18 19 20 18 22 23 24 25 26 27 28
4 5 6 7 8 7 10 11 12 13 14 15 16 17 18 19 20 21 22 23 24 25
4 5 6 7 8 9 10 11 12 13 14 15 12 17 18 19 20 21 22 23 24 25 26 27 28 29 30 31 32 33 34 35 36 37 38 39
4 5 6 7 8 9 10 11 12 13 14 15 16 10 18 19 20 21 22 23 24 25
4 5 6 7 8 9 10 11 12 13 14 15 16 17 18 19 20 21 22 23 24 25 26 27 28 29 30
4 5 6 7 5 9 10 11 12 13 14 15 10 17 18 9 9 21 22 23 24 5 26 27 28 18 5 27 32 33 5 35 36 37 27
4 5 6 7 8 9 10 11 12 13 14 15 16 17 18
4 5 6 5 8 9 10 11 12 13 14 15 16 17 18 8 20 15 22
4 5 6 7 8 9 10 11 12 13 14 15 11 17 18 19 19 21 22 23 24 25 26 27 28 29 30 31 32 33 34 35 36 33 38 39 40 41 42 43 44 45 46 47 48 49 50 45 52 53 54 55 56 57
4 5 6 7 8 9 10 11 12 13 14 15 16 5 18 5 20 21 22 18
4 5 6 7 8 9 10 11 12 13 14 15 16 17 18 19 20 21 22 6 5 18 26 6 28 29 5 31 28
4 5 6 7 8 9 10 11 12 13 14 15 16 17 18
4 5 6 7 8 9 10 11 12 13 14 15 8 9 18 19 8 21 22 23 24 5 26 27 28
4 5 6 7 8 9 9 11 12 13 14 15 16 17 18 19 20 21 22 23 24
4 5 6 7 8 9 10 11 12 13 14 15 16 8 18 19 20
4 5 5 7 8 9 5 11 12 13 14 15 16 17 18 19 20 21 22 23 5 9 26 27
4 5 6 7 8 9 10 11 5 13 14 15 16 17 18 19 20 21 22 23 24 25 26 27 28 29 30 31 32 33 34 35 36 7 38 39 40 41 42 43 42 5 46 47 5 49 50 51 52 53 54 51 56 57 58 59 60 61 62 63 64
4 5 6 7 7 9 10 11 12 13 14 15 5 17 18 19 20 21 22 23 21 25 26 27 28 29 30 31
4 5 6 7 8 9 10 11 10
4 5 6 7 8 9 10 11 12 13 14 15 16 17 18 19 20 21 22 23 24
4 5 5 7 8 9 10 11 12 13 14 15 16 17 18 19 20 21 22 23 22 25 26 27 28 29 30 31 32 33 29 35 36 37 38 39 40 19 42 43 44 45 46
4 5 6 7 8 9 10 11 12 13 14 15 16 17 16 19 20
4 5 6 7 8 9 10 11 12 13 14 15 16 17 18 19 20 21 22 23 24 25 26 27 28 29 30 31 32 33
4 5 6 7 8 9 10 11 12 13 14 15 16 17 18 19 20 5 22 23 24 5 26 27 28 29 30 31 32 33 34 5 22 23 38 39 40 41 22 43 28 29 46 31 9 41 50 51 20 41 54 55 20 57
4 5 6 6 8 9 10 11 12 9 10 15 10
4 5 6 7 6 9 10 11 12 13 14
4 5 6 7 8 9 10 11 12 13 8 15 16 17 18 19 20 21 22 23 24 25 26 27 5 29 22 5 32 33 34 35 36 37 38 39 27
4 5 6 7 8 9 10 11 12 13 14 15 16 17 18 19 20 21 22 23
4 5 6 7 8 9 10 11 12 11 14 15 5 14 18 5 20 18 22 23 24 25 26 27 28 29 14 31
4 5 6 6 8 9 10 11 12 13 14 15 16 17 10 19 20 21 22 23 24 25 26 27 28 29 30 31
4 5 6 7 8 9 10 11 12 13 14 15 16 17 18 19 20 21
4 5 6 7 8 6 10 11 12 13 14 15 16 17 18 19 15 21 18 23 24 25 26 27 28 29
4 5 6 7 8 9 10 11 12 5 14 15 16 17 18 19 20 21
4 5 6 7 8 9 10 11 12 13 14 15 16 17 17 19 20 21 22 23 24
4 5 6 7 8 9 10 11 12 13 14 15 16 17 18 19 20 21 22 23 24 25 26 27 28 29 30 31
4 5 6 7 8 9 10 11 12 13 9 15 5 17 18 19 20 21 22 5 24 25 26 27 28 29 30 31 32 33 34 35 13
4 5 6 7 8 9 6 5 12 13 14 15 16 17 18 19 20 21 22 23 18 25 26 27 28 29 15 31 32 33 34 35 36 37 38 39 40 41 42 43 44 44
4 5 6 7 8 9 10 11 12 13 14 15 16 14 18 19 20 21 22 23 24 5 14 27 28 29 30 31 32 33 34 35 36 37 38 39 40 41 42 43 44 45 46 47 48 49 50 51 52 53 54 55 56 41 58 56 41 54 62
4 5 6 7 8 9 5 11 12 9 14 15 16 17 18 19 20
4 5 6 7 8 9 10 11 12 13 14 15 16 14 18 19 20 21 22 23
4 5 6 7 8 9 10 11 12 13 14 15 16 17 18 19 20 19 22 17 19 25 26 27 28 29 17 31 32 17 34 35 36 37
4 5 6 7 8 9 10 11 10 13 14 15 16 5 18 19 20 21 22 23 24 25 26
4 5 6 7 8 9 10 11 12 11 14 7 16 17 8 10 20 21 22 5 24 25 26 9 8 29
4 5 6 7 8 9 10 11 12 13 14 15 9 17 18 19 9 17 9 23
4 5 6 7 8 9 10 11 12 13 14 15 16 17 18 19 20 18 22 23 11 25 26 27 28 29 30 31
4 5 6 7 8 9 10 11 12 13 14 15 16 10 18 19 20 21 22 23 24
4 5 6 7 8 9 10 11 12 13 7 15 16 17 18 19 20 21 22 23 24 25 26 24 28 29 30 31 32 33 34 35 36 37 38 39 40 41 37 43 44 45 46 47 48 38 50 51 52 53 54 37 56 57 58 59 60 61 62 63 59 60 62 67 68 69 70 71 10 73 74 75 76 77 78
4 5 6 7 8 9 10 11 12 11 14 15 16 17 18
4 5 6 7 8 9 10 11 12 13 14 15 16 17 18 19 20 21 22 23 24 25 26 27 28 29 30
4 5 6 7 8 9 10 11 12 13 5 15 16 17 18 5 9 21 22 23 24 25 26 27 28 29
4 5 6 7 8 7 10 11 12 13 14 7 16 17 18 19 20 21 22 23 24 25 7 18 28
4 5 6 7 8 9 10 10 12 13 14 15 16 17 18 8 20 14
4 5 6 7 8 9 10 11 5 13 14 15 16 17 5 19 19 21 22 23 24 25 26 5 28 29 5 19 5 33 34 35 36 37
4 5 6 7 8 9 10 11 12 6 14 15 9 17 18 19
4 5 6 7 8 9 10 11 12 10 14 15 16 17 18 19 20 21 22 6 24 25 21 27 28
4 5 6 7 8 9 10 11 12 13 14 15 16 17 18 12 20 21 22 23 24 25 26 27 28 29 30 31 32 33 34 35 36 37 38 39 40 41 42 43 44 33
4 5 6 7 8 9 10 11 12
4 5 6 7 8 9 10 11 9 13 14 15 16 17 18 19 20 21 22 9 7 25
4 5 6 7 8 9 10 11 12 13 14 13 16 17 5 19 20 21 22 23 24 25 26 27 25 19 30 31 32
4 5 6 7 8 9 10 11 12 13 14 15 16 17 18 19 20 21 22 16 24 25 26 27 28 29
4 5 6 6 8 9 10 11 12 13 14 15 16 17 18 19 20 21 22 23 24 25 26 27 28 29 30 31 32 33 33 35 36 33 38 39
4 5 6 7 8 5 10 11 5 13 14 15 16 17 18 16 20 21 22 23
4 5 6 7 8 5 10 11 12 13 14 15 16 17 18 19 20 5 22 23 16 25 26 27 28 29 30 31 32 33 34 35 36 16 38 11 40 16 42 43 44 45 46 47 48 49 50
4 5 6 7 8 9 10 11 12 13 14 15 16 17 18 19 20 21 22 23 24 25 26 27 28 29 30
4 5 6 7 8 9 10 11 12 10 14 15 16 17 18 19 20 21 10 23 24 25 26 27 28 26 30 31 32 33 34 35 36 27 38 39 40 39
4 5 6 7 8 9 10 11 12 13 14 15 5 17 18 19
4 5 6 7 8 9 10 11 12 13 14 11 16
4 5 6 7 8 7 10 11 12 13 14 15 16 17 11 19 20 21 15 23 24 25 21
4 5 6 7 8 9 10 11 12 13 14 15 6 17 18 19 20 21 22 23 24 25 26 23 28 20 26 31 32
4 5 6 7 8 9 10 11 12 13 14 15 16 17 18 19 15 21 22 23 24 25 26 27 28 29 30
4 5 6 7 8 9 10 11 12 13 13 15 16 17 12 19 20 21 22 10 24 25 26 27 28 29 30 31 32 33 33 26 36 37 38 10 40 41 42 26 44 45 46 47 48 49
4 5 6 7 8 9 10 11 12 13 14 15 5 17 18 19 20 21 22 23 24 25 17 27 28 29 30 22 32 33 34 35 36 37 38 39 40 41 42 43 44 45 46 47
4 5 5 7 8 9 10 11 12 13 14 13 16 17 18 19
4 5 6 7 8 9 10 11 12 13 14
4 5 6 7 8 9 10 11 12 13 14 15 16 14 16 11 14 21 22 23 24
4 5 6 7 8 9 10 11 12 13 14 15 16 12 18 19
4 5 6 7 8 9 10 11 12 13 14 15 8 9 18 19 5 21 22 23 24 5 26 27 28
4 5 6 7 8 9 10 11 12 13 14 15 16 17 18 19 20 21 22 23 24 25 26 13 14 29 30 31
4 5 5 7 8 9 10 11 12 13 14 15 16 12 18 19 20 21
4 5 6 7 8 9 10 6 6 13 14 15 16 17 18 19 20 21 22 23
4 5 6 7 8 9 10 11 12 13 14 15 16 17
4 5 6 7 8 9 10 11 12 13 14 15 16 5 18 19 20 21 22 23 24 7 26
4 5 6 7 8 9 10 11 12 6 14 15 16
4 5 6 7 8 9 10 11 12 13 14 15 13 17 13 7 20 21
4 5 6 7 8 5 10 11 5 13
4 5 6 7 8 9 10 11 12 13 14 15
4 5 6 7 8 9 5 11 12 13 6 6 16 17 18 19 20 21 20 23 24 5 26 27 28 29 30 29 32 24 6 26 36
4 5 6 7 8 9 10 11 12 13 14 15 16 17 18 19 20 21
4 5 6 7 8 9 10 11 12 13 14 15 16 17 18 19 20 21 22
4 5 6 7 8 9 10 11 12 13 10 15 11 17 18 19 20 15 22 23 24 25 26 27 28
4 5 6 7 8 9 5 11 9 13 14 15 9 17 18 19 14 21 22 23 5 25 25 15
4 5 6 7 8 9 10 11 12 13 14 15 5 17 18 19 20 21 22 23 24 25 26 27 20 29 30 31 32 33 34 35 36 37 38
4 5 6 7 8 9 5 11 12 13 14 15 16 17 18 19
4 5 6 7 8 5 10 11 12 13
4 5 6 7 8 9 10 11 12 13 14 15 16 17 18 11 20 21 22
4 5 6 7 8 9 10 11 12 13 14 15 16 17 18 13 13 21 22 14 24 25 26 18
4 5 6 7 8 7 10 11 12 13 14 15 16 17 18 19 20 21 22 23 24 25 12 27 28 29 7 31 32 33
4 5 6 7 8 9 10 11 12 13 14 15
4 5 6 7 8 9 10 11 12 13 14 15 16 17 18 19 20
4 5 6 7 8 9 10 11 12 13 14
4 5 6 7 8 9 10 11 12 13 14 15 16 17 18 19 20 21 22 23 24
4 5 6 7 8 9 10 11 12 13 14 15 16 17 18 19 20 21 22 23 24 25 26 27 28
4 5 6 7 8 9 10 11 12 13 14 15 16
4 5 6 7 8 9 10 11 12 13 14 15 16 17 18 19 20 21 22 23 24 25 26 27 5 29 30 20
4 5 6 7 8 9 10 11 12 13 14 15 16 17 12
4 5 6 7 8 9 10 11 12 13 14 15 13 17 18 19 20 21
4 5 6 7 8 9 10 11 12 13 14 15 16
4 5 6 7 8 9 10 11 12 13
4 5 6 7 8 9 10 11 12 13 14 15 16 17 18 19 20 21 22 23 12 25 14 27 28 29 30
4 5 6 7 8 9 10 11 12 13 14 15 16 9 18
4 5 6 5 8 9 10 11 12 13 14 15
4 5 6 7 8 9 10 11 12 13 14 15 16 17 18
4 5 6 7 8 5 10 11 12 10 14 15 5
4 5 6 7 8 9 10 11 12 13 14 15 5 17 18 19 20 21 22 23 24 11 12 27 12 29 30 27 32 33 34 35 36 37 38 39 40 41 42 43 12 45 46 47 48 49 50 51 52 53 54 55 56 57 58 8 60 61 62 63 49 65 66 67 68 69 30 71 72 34 74 41 42 77 78 79 80 81 82 83 84 85 8 87 42 89 90 91 81 74 94 5 96 97
4 5 6 7 8 9 10 11 12 13 14 15 16 17 18 19 20 21 14 23 24 25 26 27 21 29 30 31 32 33 34 35 36 37 38 39 40 41 42
4 5 6 7 8 9 10 11 12 13 14 15 5 17 18 19 20 21 22 23 24 25 14 27 28 29 30 31 32 33 34 35 36 37 38 39 40 41 42 43 44 45
4 5 6 7 8 9 10 11 12 13 14 15 16 17 18 19 20 21
4 5 6 7 8 9 10 11 12 13 14 15 16 17 18 19 20 19 22 23 24 25 26 27 7 29 23 31 32 17 34 35 36 37
4 5 6 7 8 9 10 11 12 12 14 15 16
4 5 6 7 8 9 10 11 12 13 14 15
4 5 6 5 8 9 10 6 12 13 14 15 16 17 18 19 20 6 22 23 24 19 22 27 28 29 30 6 32 33 34 35 36 18 38 39 40 41 42 43 44 45 46
4 5 6 7 8 9 10 5 12 13 8 15 16 17 18 19 20 21 22 21 24 25
4 5 6 7 8 9 10 11 12 13 13 15 16 17 18 19 20 21 19 23 24 25 26 27 28 29 30 13 32 33 34 35 36 37 38 39 40 41 42 43 44 45 46
4 5 6 7 8 9 10 10 12 13 14 15 16 17 18 6 20 21 22 23 24
4 5 6 7 8 9 10 11 12 13 14 15 16 17 18 19 20
4 5 6 7 8 9 10 11 12 13 14 15 16 14 18 19 20 21 22 23 24 25 22 22 28 29 30 31 22 33 34 35 36 37
4 5 6 7 5 9 10 11 12 9 14 15 16 17 18 19 20 21 22 23 24 9 26 27 28 29 30 31 32 33 34 35 36 37 38 39 40 41 42 43 44 45 46 35 48 49 50 51 52 53
4 5 6 7 8 9 10 11 12 13 14 15 16 17 18 19 20 21 15 23 24 25 26 27 28 29 30 31 32
4 5 6 7 8 9 10 11 12 13 14 15 16
4 5 6 7 8 9 10 11 12 13 14 15 16 17 18 19 17 21 22 23 24
4 5 6 7 8 9 10 11 12 13 5 15 16 17 5 19 20 21 22 23 24 25 26 27 28 29 30 31 32 33 34 35 36 37 38 39 9 9 42 43
4 5 5 7 8 9 10 11 5 13 14 15 16 17 18 19 20 21 22 23 24 25 26 27 28 29 30 31 32 33 34 35 36 37 35 39 40 41 42 43 44 45 46 47 13 32 37 51 5 53 54 11 56 5 58 32 37 61 62 32 64 5 66 34 64 13 70 71 72 61 74 13 76 77 13 34 32 51 82
4 5 6 7 8 9 10 11 12 13 7 15 16 6 18 19 5 21 5 23 24 25 26 27 5 6 30 31
4 5 6 7 8 9 10 5 12 13 14 15 16 14 18 19 20 21 22 23 24 25 26 27 28 29 30 31 32 33 34 5 36 37 38 39 40
4 5 6 7 8 9 10 8 12 13 14 15
4 5 6 7 8 9 10 11 12 13 14 15 16 17 18
4 5 6 7 8 9 10 11 12 13 14 15 16 9 18 19 9 21 22 23 24 25 26 27 28 29 30 31 32 33 34 25 36 24 38 24
4 5 6 7 8 9 5 11 5 13 14 15 16 17 18 19 20 21 20
4 5 6 7 8 9 10 11 9 13 14 15 16 17 18 9 20 21 22 23 24 15 15 27
4 5 6 7 8 9 10 11 12 13 14 15 16 17 18 19 20 21 22 14 24 25 26
4 5 6 7 8 9 10 11 12 13 14 15 16 17 5 19 5 6 22 23 24 25 26 27 28 29 30 28 32 33 34 33 34 37
4 5 6 7 8 9 10 11 12 13 14 15 16 6 18 19
4 5 6 7 8 9 10 11 12 13 14 15 16 17 18 19 20 21 22 23 24 25 18 27 28 29 30 31 32
4 5 6 7 8 9 10 11 12 13 14 15 16 17 18 19
4 5 6 7 8 9 10 11 12 13 14 15 16 17 18 19 12 21 5 23 21 5 26 27 28 29 30 31 32 33 34 35 36 37 5 39 40
4 5 6 7 8 9 10 11 12 13 14 15 16 17 18 19 20 21 22 23 24 25 26 27 20 29 30 31 32 33 34 35 36 37 27 39
4 5 6 7 8 9 10 11 12 13 11 15 16 17 18 19 20 11 18 23 24 25 26
4 5 6 7 8 9 10 11 12 13 14 15 16 17 18 19 20 21 11 23 24 25 26 27 28 29 30 31 32 33 12 35 36 15 38 26 27 41 42 32 44 13 46 47 48 47 26 51 30 42 54 55 56 57 58 59 27 58 62 41 31 18 18 67 18 57 27 28 31 73 17 67 17 26 27 79 80 81 82 83
4 5 6 7 8 9 10 11 12 13 14 15 13 17 18 13 20 21 22 18
4 5 6 7 8 9 10 11 12 13 14 15 16 17 18 19 20 5 22 23 24 25 26
4 5 6 7 8 9 10 11 12 13 14 15 16 17 18 19 20 21 22 23 24 25 26 27 28
4 5 6 7 8 9 10 11 12 13 14 15 16 17 18
4 5 6 7 8 9 10 11 12 10 14 15 8 17 18 19 14 21 5 23 24 25 26 27 28 29 5 31 32 33 34 35 36 37 28 39
4 5 6 7 8 9 10 11 12 10 14 15 16 17 10 19 20 21 22 17 15 25 26 27
4 5 6 7 8 9 10 11 12 13 14 15 16 17
4 5 6 7 8 9 10 11 12 13 14 15
4 5 6 7 8 9 10 11 12 13 14 15
4 5 6 5 8 9 10 11 12 13 14 15 16 17 18 19 20 21 22 23 12 17
4 5 6 7 8 9 10 11 12 13 6 15 16 17 18 19 20 21 22 23 24 25 26 27 28 29 30 31 32 33 34 35 24 37 38 39 40 41 42 6 39 45 46 27 48 49 50 51 38 45 54 27 56 57
4 5 6 7 8 9 10 11 9 10 14
4 5 6 7 8 8 10 11 12 13 14 15 16 17 18 19 20 17 22 23 24 25 26
4 5 6 7 8 9 10 11 12
4 5 6 7 8 9 10 11 12 13 14 15 16 17 18 19 20 21 22 23 24 25 26 27 28 19 30
4 5 6 7 8 9 10 11 12 13 14 15 16 17 18 19 5 21 22 23 24 15 24 27 14 29 22 22 32 33 34 35 36 12 35 39 35 5 5 43 44 43 46 5 35 49 50 51 52 53 54 55 15 57 58 23 24 61 62 63 24 65 46 67 5 69 50 71 72 73 16 75 17 77 46 79 67 12 35 69 50 85 43 5 88 89 90 91 92 93 5 95 96 50
4 5 6 7 8 6 10 11 12 13 14 15
4 5 6 7 8 9 6 11 12 13 14 15 16 14 18 19 20 21 22 7 24 19 26 27 28 29 30 31 32 33 34 35 36 37 38 39 40
4 5 6 7 8 9 10 11 12 13 13 15 16 17 18 19 20 21 22 17 18 25 26 27 28 29 30 31 32 33 34 35 36 37 38 39 40 41 42 43 44 45 36 47
4 5 6 7 8 9 10
4 5 6 7 8 9 10 11 12 13 14 15 16 17 18 19 20 21 22 23 24 25 26 27 28 29 30 31 32 33 34 35 36 33 38 39 40 35 42 43 44 45 46 47 48 49 50 51 33 53 54 55 33 57 58 59 53 61
4 5 6 7 8 9 10 11 12 13 14 15 16 17 18 11
4 5 6 7 8 9 10 11 12 13 14 15 16 17 18 19 20 21 17
4 5 6 7 8 9 10 11 12 7 14 15 16 15 18 19 20 21 22 23 24 25 26 27 28 7 30 31 32 33 34 35 26 37 38 39 40 41 42 43 35 26 46 7 48 49 50 51 52 53 54 55 56 57 58 59 60 61 62 63 64 65 66 67 68 69 62 71 72 73 74 75 76 77 16 79 30 81 82 83 84 85 86
4 5 6 7 8 9
4 5 6 7 8 9 10 11 12 13 14 15 16 12 18 19
4 5 6 7 8 9 10 11 12 13 14 15 16 17 18 18 20 21 22 23 24 25 26 27 28 29 30 31 32 33 34 35 36 36 38 16 40 41 24 43 44 45 46 47 48 6 50
4 5 6 7 8 9 10 11 5 13 14 15 16 17 18 19 20 21 22 23 24 25 26 27 20 29 30 31 31
4 5 6 7 8 9 10 11 12 13
4 5 5 7 7 9 10 11 5 13 14 15 16 17 5 5 20 21 22 23 15 15 26 27 15 29 30 11 32 33 34 34 36 37 34 39 40 11 42 43
4 5 6 7 8 9 10 11 12 13 9 15 5 17 18 19 20 21 22 23 20 25 26 27
4 5 6 7 8 7 10 11 12 8 14 15 16 17 18 19 20 19 22 19 24 25 26 27 28 29 30 29 32 33 34 35 36 37 38 39 40
4 5 6 7 8 9 10 11 11 13 14 15 16 17 18 11 6 21 22 21 24 25 26 27
4 5 6 7 7 9 10 11 12 13 14 15 16 17 18 19 20 21 22 23 24 25 26 27 28 29 30 31 32
4 5 6 7 8 9 10 11 12 7 14 15 5 17 18 19 8 19 22 11 24 5 26 27 28
4 5 6 7 8 9 10 11 12 13 14 15 5 17 17 19 20 21 22 23
4 5 6 7 8 9 10 11 12 7 14 15 16 17 18 19 20 21 22 23 24 25 24 27 28 24 30 27 32 33 9 16 36 37 38 39 39 41 42 21 44 45 46 47 48 49 44 51 52 53 54 55 44 57 58 59 19 61 58 63 64 65 61 58 64 69 70 71 72 73 74 75 76 77 78 79 80
4 5 6 7 8 9 10 11 12 13 10 15 16 17 18 19 20 21 22 23 5 25 26 27 22 23 21 16 17 33 34 35 36 37 38 39 40 41 42 43 44 45 15 47 5 49 18 51 27 53 12 41 56 57 58 59 60 61
4 5 6 5 8 9 10 11 12 13 14 15
4 5 6 7 8 9 10 11 5 13 14 15 16 10 18 19 20 21 22 10
4 5 6 7 8 9 10 11 12 13 14 15 16 17 18 19 20 21 22 23 9 25 26 27 28 29 30 31 32 28
4 5 6 7 8 9 10 11 12 13 14 15 16 17 18 19
4 5 6 7 8 9 10 8 12 13 14 15 16
4 5 6 7 8 9 10 11 12 13 8 15
4 5 6 7 8 9 7 11 5 5 14 15 16 17 18 19 14 21 22 23 24 25 26 27 7
4 5 6 7 8 9 10 11 12 13 14 15 16 17 18 19 20 21 22 5 24 25 26 27 28 29 30 31 32 33 34 35 36 37
4 5 6 6 8 9 10 11 12 13 14 15 16 17 18 19
4 5 6 7 8 9 10 11 12 13 14 15 16 17 18 19 20 21 22 23
4 5 6 7 8 9 8 11 12 13 14 15 16
4 5 6 7 7 9 10 11 12 13 14 15 16 17 18 19 20 21 22 23 24 25 5 7 28
4 5 6 7 8 9 10 10 12 13 14 15 16 17 18 19 20 21 22 23 22 25 26 10 12 22 30 31 32 30 34 35 36 5 38 5 40 41 42 43 13 45 46 47 48 38 50 51 52 53 54 55 45 45 38
4 5 6 7 8 9 10 11 12 13 14 15 13 17 18 19 20
4 5 6 7 8 9 10 11 12 13 14 15 16 17 18 19 20 21 22 23 24 25 26 27 28 23 30 31 32 33 34 35 36
4 5 6 7 6 9 10 11 12 13 14 15 13 17 18 19 14 21 22 18
4 5 6 7 7 9 10 11 12 13 14 15 16 17 11 19 20 21 22 23
4 5 6 7 8 9 10 11 12 13 14 15 16 17 18 19 20 12
4 5 6 7 8 9 10 11 12 13 14 15 16 17 18 19
4 5 6 6 8 9 10 11 12 13 14 15 16 17 18 19 20 21 22 23 24 25 11 27 28 29 30 31
4 5 6 7 5 9 10 11 12 13 14 15 16 17 18 16 20 21 22 23 24 25 24 12 28 5 24 31 32 33 34 35 36 37 38 39 40 5 42 25 44 45 46 47 48 49 50 51 52 53 54 55 56 57 58 59 60 33 62 63 64 65 66 67 68 5 70 71 33 73 40 75 76 77 78 79 80 81 82 83 84 85 86 87 88 89 80 73 92 93 94 77
4 5 6 7 8 9 10 11 12 13 14 15 16 17 18 19 15 6 10 13 24 25 26 27
4 5 6 7 8 9 10 11 12 13 14
4 5 6 7 8 9 10 9 12 13 14 15 16 17 18 19 14 21
4 5 6 7 8 9 10 11 12 13 14 15 16 13 18 19 20 21 22 23 24 25 13 27 28 29 30 31 32 33 8 19
4 5 6 7 8 9 10 11 12 13 14 15 16 10 18 19 20 21 22 23 24 25 26
4 5 6 7 8 9 10 11 12 13 14 15 16 17 18 19 20 21 22 23 24 25 26
4 5 6 7 8 9 10 11 12 13 14 15 16 17 18 19 20 21 22 23 24 25 26
4 5 6 7 8 9 10 11 12 13 14 15 16 17 18 19 20 21 22 23 24 9
4 5 6 5 8 9 10 11 12 9 14 15 16 17 18 19 20 5 22
4 5 6 7 8 9 10 11 12 13 14 15 16 17 18 19 20 21 22 23 24
4 5 6 7 8 9 10 11 11 13 14 15 16 17 18 19
4 5 6 7 8 9 10 11 5 13 14 15 6
4 5 6 6 8 9 10 11 12 5 14 15 16 17 18 5 20 21 22 23 5 25 26 27 28
4 5 6 7 8 9 10 11 8 13 14 15 16 17 18 19 20 21 22 23 24 25 20 27 28 29 29
4 5 6 7 6 9 10 11 12 13 14 15 16 17 18 19 20 21 22 23 24 25 26 24 28 29 30 31 32 33 34 35 36 37 38 39 38 37 34 43 38 45 37 37 48 25 50 51 52 53 54 55 56 57 58 59
4 5 6 7 8 9 10 11 12 13 14 15 16 17 18 19 20 21 22 21 24 25 26 27 28 29 30 29 32 33 34 35 36 37 38 39 40
4 5 6 7 7 9 10 11 12 13 14 15 16 17 18 19 20 21 6 23 24 25 26 27 6 23 30 31 12 33 34 12 36 37 38 6 40 41 42 6 33 41
4 5 6 7 8 9 10 11 12 13 14 15 16 17 12 19 20 21 22 23 24 25 26 27 5 29 30 12 20 12 34 35 36 37 38
4 5 6 7 8 9 10 11 12 13 14 15 16 17 18 19 20 21 22 15 24 25 26 27 28 29 30 31 32 33 34 35 36 37
4 5 6 5 8 9 10 11 12 13 14 15 16 17 18 19
4 5 6 7 8 9 10 11 12 13 14 15 16 17 18 19 20 21 22 23 24 11 26 27 28 29 30
4 5 5 7 8 9 10 11 12 13 14 15 16 17
4 5 6 7 8 9 10 11 12 13 13 15 16 17 18 19 20 21 22 23 24 25 26 27 28 5 30 31 32 33 34
4 5 6 7 8 9 10
4 5 6 7 8 9 10 11 12 13 14 15 16 17 18 19 20 21 21 23 24 25 26
4 5 6 7 8 9 10 11 12 7 14 15
4 5 6 7 8 9 10 11 12 13 14 15 16 17 18 19 20 21 22
4 5 6 7 8 9 10 11 12 13 14 15 16 17 18 19
4 5 6 7 8 9 10 11 12 13 14 15 16 17 18 19 8 21 22 23 24 25 26 8 28 29 23 31 32 33 34 35 6 37 38 39 40 8 42 43
4 5 6 7 8 9 10 11 12 13 14 15 16 17 18 19 20 21 22 23 24 25 26 27 28 29 30 31 32 33 34 35 36 37 21 39 40 21 42 28 21 42 46 47 48 49 39 40 39 40 42 46 42 28 58 59 39
4 5 6 7 8 9 10 11 12 13 14 15 16 17 18 19 20 21 22 23 24 25 26 27 28 29 30 31 32 33 34 35 36 37 38 12 40 41 5 41 12 45 46 5 48 49 10 51 52 53 54 55 56 57 58 59 60 61 62 32
4 5 6 7 8 5 10 11 12 13 14 15 16 17 18 15 6 21 22 23 24 8 26 27 28 29 30 31 32 33 34 35 36 8 38 39 40
4 5 6 7 8 9 10 11 12 13 14 15 16 17 18 19 20 18 22 23 24 25 26 27 28
4 5 6 7 8 9 10 11 12 13 14 15 16 17 18 19 20 21 22 23 24 25 26 27 28 13 27 31 32 33 34 35 36 37 19 39 5 41 21 43 44 45 46 47
4 5 6 7 8 9 10 11 12 13 14 15
4 5 6 7 8 9 10 11 12 13 14 15 16 17 18 19 16
4 5 6 6 8 9 10 11 12 13 14 15 16 17 18 19 9 21 22 23 24 25 26 27 9 10 30 23 24 33 18 35 36 19 38 39 19 26 18 26 44 45 12 47 45 38 50 51 13
4 5 6 7 8 9 10 11 12 13 11 15 16 17 18 19 20
4 5 6 7 8 9 10 11 12 13 14 15 16 17 18 19 20 21 22 23 24 25 26
4 5 6 7 8 9 10 11 12 13 14 15 16 17 18 15
4 5 6 7 8 9 10 11 9 9 14 15 16 17 18 17 20 21 5 23 24 25 26 27 28 29 30 31 32 33 34 9
4 5 6 7 8 9 10 11 12 13 14 15 16 17 18 9 20 21 22 23 8 25 11
4 5 6 7 8 9 10 11 12 13 14 15 16 17 18 19 20 21
4 5 6 7 8 9 10 11 12 13 13 15 16 17 18 19 18 21 22 16 24 25 26 27 28 29 30 31 32 33 34 35 9
4 5 6 7 8 9 10 11 12 13 14 15 16 17 18 19 20 21 22 23 24 25 26 27 28 29 30 31 32 33
4 5 6 7 8 9 10 11 12 13 8 15 16 17 18 19 20
4 5 6 7 8 9 10 11 12 13 14 15 16 17 18 19 20 21 13 23 24 25 26 27 26 29 27 31 32 33 34 35 36 36 38 39 40 41 42 43 44 42 46 44 48 44 50 51 52 53 54 17 56
4 5 6 7 8 9 10 11 12 13 14 8 9 17 18 19 20 13 22 23 10 25 26 27 7 29 30 31
4 5 6 7 8 9 10 9 12 13 14 15 16 17 18 9 20 21 22 23 24 25 26
4 5 6 7 8 9 10 11 12 13 14 15 16 17 18 19 18 21 22 14 24 25 26 27 28 26 7 16 7 28 34 35 36 37 38 39 40 41 28 43 26
4 5 6 7 8 9 10 11 12 13 14 15
4 5 6 7 8 9 10 11 12 13 14 8 16 17 18 5 12 13 22 23 24 5 26 27 5 29 30 31
4 5 6 7 8 9 10 11 12 13
4 5 6 7 8 5 10 11 12 5 14 5 16 17 18 19 20
4 5 6 7 8 9 10 11 12 13 14 15 16 17 18 10 20 21 22 23 24 25 26 8
4 5 6 7 8 9 10 11 12 13 14 15 16 17 18 19 16 17 22 23 24 25 18 27 28 18 30 31 32 33 34 35 36 37 38 39 40 41
4 5 6 7 8 8 10 11 12 13 5 15 16 17 18 19 20 21 22 23 24 25 5 27 28 27 30
4 5 6 7 8 9 10 11 12 13 14 15 16 17 18 19 20 21 22 23 24 25 26 27 9 29 30 31
4 5 6 7 8 9 10 11 12 10 9 15 16 17 18 19 20 21 22 23 24 25 26 27 24 20 30 31
4 5 6 7 6 9 10 11 12 13 14 15 9 17 18 19 9 21 22 23
4 5 6 7 8 9 10 11 12 13 14 15 16 17 11 19
4 5 6 7 8 9 10 11 12 13 14 15 16 17 9 19 12 21 22 23 24 12 26 27 28 29 30 31 5 24 26 24 36 37
4 5 6 5 8 9 10 11 12 13 14 15 16 17 18 19 20 21 22 23 24 25 26 27
4 5 5 7 8 9 10 11 12 13 14 15 16 17 18 19 20 21 22 23 24 25 23 27 28 29 30 31 32 33 34 35 23 37 23
4 5 6 7 8 5 10 11 12 13 14 15 16 17 18 19 20 10 11 17 14 25 26 8 17 29 30
4 5 6 7 8 9 8 11 12 13 14 15 16 17 18 19 20 21 22 23 24 25 26 27 28 29 30 31 32 33
4 5 6 7 5 9 10 11 12 13 6 15 16 17 18 19 20 21 22 15 24 24 6 27 28 29 30
4 5 6 5 8 9 10 11 12 5 14 15 16 17 18 19 20 5 22
4 5 6 7 8 9 10 11 12 13 14 15 16 15 18 11 20 21 22 16 12 25 26 27 28 29 30 31 32 33 34 35 36 20 38 39 40 41 42 9 44 45 11 47 20 49 6 51 52
4 5 6 7 8 9 10 11 12 13 14 15 16 17 18 19 20 21 22 23 24 25 26 27 24 29 30 31 32 33 34 35 36 37 38 39 40 41 42 43 44
4 5 6 7 8 7 10 11 12 13 14 15 16 5 18 19 20 21 22 23 24 19 26 27 28 29 30 31 32
4 5 6 7 6 9 10 11 12 13 14 15 16 17 18 19 20 21 22 23
4 5 6 7 8 9 10 11 12 13 14 15 16 17 18 19 18 21
4 5 6 7 8 9 10 11 11 13
4 5 6 7 8 5 10 11 12 13 14 15 16 17 18 19 20 21 18 23 24 23 18 24 24 29 30 31 32 33 34
4 5 6 7 8 9 10 11 12 13 7 15 16 17 18 19 18 21 22 23 24 25 26 27
4 5 6 7 8 5 10 11 12 13 11 15 16 17 18 19 20 21 22 23 5 25
4 5 6 7 8 9 10 11 12 13 14 15 16 17
4 5 6 7 8 9 10 11 12 13 14 15 16 17 18 19 20 21 22 23 24 25 26 27 28 15 30 17 18 33 20 21 27 37 11 39 40 41 42 27 44 45 46 47 48 49 50 27 52 53 54 55 56 57 58 59 60 60 62 63 64 5 37 67 53 69
4 5 6 7 8 9 5 11 12
4 5 6 7 8 9 10 11 12 13 14 15 16 17 18 19 20 21 5 23 24 25 26 27 7 29
4 5 6 7 8 9 10 11 12 13 14 5 16
4 5 6 7 8 9 10 11 12 13 14 15 16 17 18 19 20 21
4 5 6 7 8 9 10 11 12 13 14 11 16 17
4 5 6 7 8 6 6 11 12 13 14 6 16 17 18 19 20 21 22 23 24 25 26 27 28 29 6 31 32 33 20 35 36 37 35
4 5 6 7 8 9 10 11 12 13 14 15 16 17 18 19 20 21 12 23 24 25 26 27 28 29
4 5 6 7 8 9 10 11 12 13 14 15 16 17 18 19 20 21 22 23 24 25 6 27
4 5 6 7 8 9 10 11 12 11 14 15 16 17 5 19 11 12 22 23 24 10 26 27 28 29 10 31 32 33 34 35 36 37 38 39 40
4 5 6 7 8 9 10 11 12 13 14 15 16 14 18 19 20 21 22 23 24 5 14 27 28 29 30 31 32 33 34 35 36 37 38 39 40 41 42 43 44 45 46 11
4 5 6 7 8 9 10 11 12 13 14 15 13 17 18 19 20 21 22 23 5 25 26 27 28 29 30 31 32 33 34 35 36 37 38 39 40 41 42 43 44
4 5 6 7 8 9 10 11 12 7 14 15 8 17 18 19 20 19 22 23 24 25 26 27 28
4 5 6 7 8 9 10 11 12 13 14 15 16 17 18 19 7 21 10 23
4 5 6 7 8 9 10 11 12 13 5 15 16 17 11 19 20 11 22 23 22 25 26 27 28 29
4 5 6 7 8 9 10 11 7 13 14 15 16 16 18 19 20 21 22 23 24 25 26 27 28 29 30 5 32 33
4 5 5 7 8 9 10 11 12 13 5 15 16 17 18 19 20 21 22 23 24 25 26 11 28 29 30 31 32 33 34 35 36 37 5 39 40 41 42 43 44 45 46 47 48 49 50 51 43 53 54 11 56 57
4 5 6 7 8 9 10 11 12 13 14 15 16 17 18 19 20 21 22 23 24 25 26 16 25 26 30 31 32 33 34 35 36 37 11 39 40 41 42 43 44 45 5 47 48 25 26
4 5 5 7 8 9 10 11 12 13 14 15 16 16 18 19 20 21 5 16 11 25 26 27
4 5 6 7 8 8 10 11 12 13 14 15 13 17 18 19 20 21 22
4 5 6 7 8 9 10 11 12 13 14 15 16 17 18 19 20 21
4 5 6 7 8 9 7 11 12 13 14 15 16 13 18 19 20 21 22 23 24 25 13 27 28 29 30 31 32 33 34 8 19
4 5 6 7 8 9 10 11 12 13 14 15 16 17 18 19 20 21 22 23 24 25 26 27 24 29 30 31 32 33 34 34 36 34 14 39 40 41 18 43 10 45 33 47 48 49 14 51 52 53 54 55 56 57 58 59 60 61 58 63 64 60 57 67 68 69 57 58 72 73
4 5 6 7 8 9 10 11 12 13 14 15 16 17 18 19 20 10 22 23 24 25 26 27 28 29 30 31 32 33 34 35 36 37 38 18 40 41 42 43 44 45 46 47 48 49 50 51 45 53 54 55 56 57 58 59 60 61 62 63 64 65 66 67 68 69 70 71 34 73 74 75 76 77 78 79 80 81 82 83 84 56 86 87 88 89 90 91 92 89 94 95 96 97 29 99 100 101 102 103 99 105 106 99 108 109 110 111 82 113 96 115 116 117 118 119 58 121 122 17 124 125 96 127 17
4 5 6 7 8 9 10 11 12 13 14 15 16 17 18 19 20 5 22 23 24 25 26
4 5 6 7 8 9 10 11 12 13 14 15 5 14 18 19 20 21 22 23 24 5 26 27 28 29 30 31 32 33 34 35
4 5 6 7 8 9 10 11 12 13 14 15 16 17 18 19 20 21 22 23 24 11 26 27 28 29 30
4 5 6 7 8 9 10 11 12 13 14 15 16 17 18
4 5 6 7 8 9 10 11 12 13 14 15 16 9 18 19 20 21 22 23 24 25 26 27 28 29 30 31 32 33 34 35 36 27 38 27
4 5 6 7 8 9 10 11 12 13 14 15 16 17 18 19 20 19 22 23 24 17 26 27 28 29 30 31 32 33 15
4 5 6 7 8 9 10 11 12 13 14 15 16 17 18 19 20
4 5 6 7 8 9 10 11 12 13 14 11 16 17 18 19 20 21 22 23 24 25 26 27 20 29 30 31 32 33 34 35 36 37 38
4 5 6 7 8 9 10 11 12 13 14 15 16 17 18 13 20 5 22 23 24 9 26 24 28 5
4 5 6 7 8 6 5 11 12 6 14 15 6 6 18 19 20 21 22 23 24 25 26
4 5 6 7 8 9 10 11 12 13 13 15 16 17 18 19 20 21 22 16 24 25 26 27 28 29 30 31 32 33 34 35 9
4 5 6 7 5 9 10 11 12 13 11 15 16 17 18 19 20 21 22 23 24 25 26 5 28 29 26 31 32 12 34 35 36 37 38 39 40 41 42 20 26 42 46 13 48 20 50 13 52
4 5 6 7 8 9 10 11 12 13 14 15 16 17 18 19 20 21 22 23 24 25 26
4 5 6 7 8 9
4 5 6 7 8 9 10 9 12 13
4 5 6 7 8 9 10 11 12 13 14 13 16 17 18 19 17
4 5 6 7 8 9 10 11 12 13 14 9 16 6 18 19 20 21 22 23 24 21 26 27 28
4 5 6 7 8 9 10 11 12 13 14 15 16 17 18 19 20 21 22 23 24 25 26 27 28 29 25 5 6 33 34 35 36 37 38 5 38 41 42 43 44 45 46 29 48 49 50 51 52 53 54 55 44 57 46 36 60 61 62 63 64 65 43 67 68 5 70 57 46 29 48 75 50
4 5 6 7 8 9 10 11 12 13 14 15 16 17 18 19 20 21 22 23 24 25 26 27 28 29 22 31 32
4 5 6 7 8 5 10 11 12 13 14 15
4 5 6 5 8 9 10 11 12 13 14 15 16 17
4 5 6 7 8 9 10 11 5 13 9 15 5 17 18 5 10 21 22 23 24 25 26 27
4 5 6 7 8 6 10 11 12 13 14 15 16 17 18 19 20 21 22 23 24 25 26 27 28 29 30 31 32 33
4 5 6 7 8 9 10 11 12 5 14 15 16 17 18 19 11 21 22 23 5 25 17 19 28 29
4 5 6 5 8 9 10 11 12 13 14 15 16 17 18
4 5 6 7 8 9 5 11 12 13 14 15 16 17 11 19
4 5 6 7 7 9 10 11 12 13 14 15 16 12 11 13 6 21 22 11 24 25
4 5 6 7 7 9 10 11 12 13 14 15 16 17 18
4 5 6 7 8 9 10 11 12 13 9 9 16 16 18 19 20 21 12 23 24 25 26 27 28 29 30 31 32
4 5 5 7 8 5 10 11 12 13 14 15 5 17 18
4 5 6 7 8 9 10 11 12 13 14 7 16 17 18 19 20 21 22 20 24 7 26 27 28 7
4 5 6 7 8 9 10 11 12 13 14
4 5 6 7 8 9 10 11 12 13 14 15 16 17 18 19 20 21 14 18
4 5 6 7 8 9 10 11 12 13 14 15 16 17 18 12 20 9
4 5 6 7 8 9 10 11 12 12 14 15 16 15 18 19 20 21 22 23 24 25 26 27 28
4 5 6 7 8 9 10 11 12 13 14 15 16 14 18 19 20
4 5 6 7 8 9 10 11 12 13
4 5 6 7 8 9 6 11 12
4 5 6 7 8 9 10 11 8 13 14 15 16 17 18 19 20 21 22 15 24 25 26 27 28 29 15 31 32 33
4 5 6 7 8 9 10 11 12 5 14 15 14 17 18 19 20 21 22 23 18 25 26 18 28 29
4 5 6 7 8 9 10 11 12 13 14 15 16 17 18 12 20 21 22
4 5 6 7 8 9 10 11 7 13 14 15
4 5 6 7 8 9 10 11 12 13 12 5 16 17
4 5 6 7 8 9 8 11 12 13 14 13 12 13 18 12 13 21 22 23 24 25 26 27 28 29 30 31 6 33 34 35 36 37 38 7 40 41 23 43 28 14 13 47 48 49 49 51 48 53 54 8 56 22 58 7 60 58 62 43
4 5 6 7 8 9 5 11 12 13 14 15
4 5 6 7 8 9 10 11 12 13 14 15 16 17 18 19 20 21 22 23 24 25 26 27
4 5 5 7 8 9 8 11 12 13 5 15 16 17 18 19 20 17 22 23 24 25 26 27 19 29 30 31 32 33 34 35 36
4 5 6 7 8 9 10 11 12 5 10 15 16 17 18 19 20 21 22 23 24 25 26 27 28 29 30 31 10 33 34 35 34 37 38 39 15 41 24 43 10 41 20 24
4 5 6 7 8 9 10 11 12 13 14 15 10 17
4 5 6 7 8 9 10 11 12 13
4 5 5 7 8 9 10 11 12 13 14 15 16 17 18 19 20 21 22 23 24 25 26 27 28 29 30 31 15 33 34 35 15 37 38 39 40 41 42 43 44 45 46 47 48 49 50 51 52 53 54 55 56 57 58 59 60 61 62 63 64 65 66 67 68 69 70 71 72 73
4 5 6 7 8 9 10 11 12 13 14 15 16 7 18 18
4 5 6 7 8 9 6 11 12 13 14 15 7 17 18 19 20 21 22 18 24 25 26 27 9 26 12 22
4 5 6 7 8 9 10 11 12 13 14 15 16 17 18 19 16 21
4 5 6 7 8 9 10 11 12 13 14 15 16 17
4 5 6 7 8 9 10 11 12 13 14 15 16 17 18 19 20 21 22 23 24 25 26 27 28 29 22 5 32 33 34 35 36 37 20 39 27
4 5 6 7 8 9 10 11 12 13 14 15 16 17 18 19 20 21 22 23 19 25 26 27 19 29 30 31 32 33 33 35
4 5 6 7 8 9 10 11 12 13 14 15 16
4 5 6 7 8 9 10 11 12 13 14 15 16 17 18 19 20 21 22
4 5 6 7 8 9 10 11 12 13 14 15 16 17 18 19 20 21 22 23 24 21 26 27 28 29 16
4 5 6 7 8 9 10 11 12 13 14 15 16 17 18 19 20 21 22 23 24 25 26 27 28 29 20
4 5 6 7 8 9 10 11 12 13 6 15 16 17 18 19 20 21 22 23 24 25 26 8 28 29 30
4 5 5 7 8 9 10 11 5 13 14
4 5 5 7 8 9 10 11 12 13 14 15 16 17 18 19 20 21 22 23 24 22 26 27 28 29 12 31 15 33 27 35 36 15 38 39 22 22 42 18 44 45 46 47 48 49 50 42 47 53 54 55 56 57 22 59 60 61 55 63
4 5 6 7 8 9 10 11 12 13 14 15 16 17 18 19 9
4 5 6 7 8 5 10 7 12 13 14 15 16 17 18 19 20 21 7
4 5 6 7 8 9 10 11 12 13 14 11 16 17 18 19 11 17 22 23 17 18 26 27 23
4 5 6 7 8 9 10 11 12 13 14 5 16 17 18 19 20 21 22 23 24 21 16 27
4 5 5 7 8 9 10 11 12 13 14 15 16 17 18 19 20 21 22 23 24
4 5 6 7 8 9 10 11 12 13 14 5 16 17 18 19 20 21 5 23 24 25 18 27 28 29 30 31 32 33 34 35 36
4 5 6 7 8 9 10 11 12 13 14 15 16 17 18 19 20 21 22
4 5 6 7 8 9 10 11 12 13 14 15 16 17 18 19 20 21
4 5 6 7 8 9 10 11 12 13 14 15 16 17
4 5 6 7 8 9 10 11 12 12 14 15 16 17 10 19 10 21 22
4 5 6 7 8 9 10 11 12 13 14 15 16 17 8 19 20 21 22 23 24 25 26 27 8
4 5 6 7 8 9 10 11 12 13 14 15 5 14 18 19 20 21 22 23 24 5 26 27 28 29 30 31 32 33 34 35 36 37 38 39 40 41 42 43 44 45 46 47 48 49 50 51 52 53 54 41 5 41 58 5 41 54 62
4 5 6 7 8 6 10 7 12 6 14 15 12 17 18 19 20 21 14 12 24 21 26 27 19 29 30 31 32 20 34 35 36 37 38 39 40 41 42 43 44 45 46 47 30 49 50 24 32 53 54 55 56 57 58 59 60 20 62 56 64 65 66 67 68 69 70 71 72 73 67 20 76 62 78 79 80 68 82 83 84 72 73 87
4 5 6 7 8 9 10 11 12 13 14 15 16 17 18 19 20 13 22 23 24 25 26 27 28 29 24 31 32 33 34 35 36 37 38 39
4 5 6 7 8 9 10 11 12 13 14 15 16 14 18 12 20 21 22 23 14 25 26
4 5 6 7 8 9 10 11 12 13 14 15 16 17 18 19 20 21 22 23 24 25 26 27 28 29 30 31 32 24 34 35 36 37
4 5 6 7 8 9 10 11 5 13 14 15 16 17 18 19 20 21 22 23 24 11 26 27 28 29 23 31 32 33 34 31 5 6 38 39 40 41 42 43 44 45 46 5 6 49 42 42 52 53 52 55 56 55 58 59 60 61
4 5 6 7 8 9 10 11 12 13 14 15 16 17 18 19 20 21 22 23 24 11 26 27 28 29 30 31 32 30
4 5 6 6 8 9 10 11 12 13 14
4 5 6 7 8 9 10 11 12 13 14 15 16 17 18 19 20 21 22 23 24 25 26 27 9 5 30 31 32 33 34 35 36 26 38 39 40 41 12 43 26 45 46 47 26 49 50 51 52 53 26 38
4 5 6 7 8 9 10 11 12 13 14 15 16 17 18 19 20 21 22 23 24 25 26 27 28 29 30 31 32 33 34 35 16 37 21 39 40 41 42 43 44 24 46 47 48 46 50 51 52 53 54 55 56 57 58
4 5 6 7 8 9 10 11 12 13 14 15 16 17 18 19 20 21 18 23 21 25 26 27 28 14 30 31 32 33 34 35 36 37 38 39 40 41 42 43 44 45 46 47 48 49
4 5 6 7 8 9 10 11 12 13 14 15 16 17 11 19 20 21 22 23 11 25 26
4 5 6 7 8 9 10 11 12 13 14 15 16 17 18 19 20 21 22 21 24 25 26 27 28 29 30
4 5 6 7 8 9 10 11 12 13 5 15 16 17 18 19 20 21 22 5 24 25 26 27 28
4 5 6 7 8 9 10 11 12 13 14 15 13 17 18 19 20 21 22 23 24 25 26 5 28 29 30 31
4 5 6 7 8 9 10 11 12 13 14 15 16 17 18 19 20 21 22 23 24 25 26 5 28 29 5 31 32 33 34 35 5 37 5 39 22 41 42 43 44 5 46 22 48 49 50 51 5 53 54 55 56 57 55 59 60 61 54 63 64 65 66 67 22 59 70 71 60 61 57 63 76 77 78 5 34 81 82 22 84 5 34 87 34 89 90
4 5 6 7 8 9 10 7 12 13 14 15 16 15 18 19 20 21
4 5 6 7 8 9 10 11 12 13 7 15 10 17 18 9 20 21 22 23 24 25 24 27 28 29 30 31 32 33 9 35 36 37 38 39 40 41 42 10 40 45 46 47 10 49 50 51 39 53 54 55 56 57 40 59 60 61 62 60 64 65 66 67 68 65 70 71 72 73 74 75 76 77 78 79 80 81
4 5 6 7 8 9 10 11 12 13 8 15 16 17 18 19 20
4 5 6 7 8 9 10 11 12 6 10 15 16 17 18 19 20 21 22 23 24 25 26 27 28 22 30 31 32 33 34 35 36 10 38 39 40 41 24 43 32 45 46 24
4 5 6 7 8 9 10 11 12 13 14 15 16 7 8 19 20
4 5 6 7 8 9 10 11 12 13 14 15 16 14 18 19 20 21 22 23 24 25 26 27 28 29 30 31 32 33 34 5 36 37 38 39 40
4 5 6 7 8 9 10 11 12 13 14 15 9 17 18 9 20 21 22 23 24 9 10 27 22 27 23 31 32 33 34 35 36 37 32 5 40 10 42 43 44 5 46 42
4 5 6 7 8 9 10 11 12 13 14 15 16 17 18 19 20 21 22 23
4 5 6 7 8 9 10 11 12 11 14 15 12 9 18 19 20 21 22 23 24 25 26 27 28 29 11 31 32
4 5 6 7 8 9 10 11 12 13 14 15 16 17 18 19 20 21 22 23 24 25 26 27 28 29 30 31 32 33 34 35 36 9 38 39 40 41 38 43 44 41 46
4 5 6 7 8 9 10 11 12 13 14 15 16 17 18 19 20 21 22 23 24 25 26 27 28 29
4 5 6 7 8 9 10 11 12 13 14 15 16 17 18 12 20 21 8 5
4 5 6 7 8 9 10 11 12 13 14 15 16 17 18 19 20 21 19
4 5 6 7 8 9 10 11 8 13 14 15 16 17 18 5 20 21 22 23 24 25 26 16 28 25 30 31 32 33 34 35
4 5 6 7 8 9 10 11 12 13 14 15 16 17 18 19 20
4 5 6 7 8 9 10 11 12 13 14 15 16 17 18 19 20 21 22 23
4 5 6 7 8 9 10 11 12 13 14 15 16 17 18 19 20 21 22 23 24 25 26 27 28 29
4 5 6 7 8 9 10 11 12 13 14 12 16 17 12 19 20 21 22 23 24 25 26 27 17 29 12 31 32 33
4 5 6 7 6 9 10 11 12 13 14 15 16 16 18 19 20 21 22 23 24 25 26 27 11 29
4 5 6 7 8 9 10 11 12 13 14 15 16 17 18 13 20 14 22 23 24 25
4 5 6 7 7 9 10 11 12 13 14 15 16 17 18 19 20 11 22 23 24 25 26 6 28 29 13 11 32 16 11 35 36 37 6 39 40 41 6 39 40
4 5 6 7 8 9 10 11 12 13 14 15 16 17 18 19 20 21 22 23 24 25 26 19 14
4 5 6 7 8 9 10 11 12 13 9 9 16 17 18 19 20 21 22 23 24 25 26 27 28 29 24 20 32 33 34 9 36 37 38 39 40 20 42 43 44 45 46 47 19 24 20 51 52 9 54
4 5 5 7 8 9 10 11 12 13 14 15 13 17 18 19 20 21 12 13
4 5 6 7 8 9 10 11 12 13 11 15 16
4 5 6 5 8 9 10 5 12 13 14 15 16 17 18 19 20 21 22 19 24 25 17 27 14 20 30 30 32 33 34 35 36 37 38 39 40 34 42 35 36 45 46 47 47 49 50 51 30 53 45 5
4 5 6 7 8 9 10 11 12 13 14 15 16 17 18 19 20 13 22 23
4 5 6 7 8 9 10 11 12 13 14 15 16 17 18 19 20 21 22 23 24 25 26 27 28
4 5 6 7 8 9 10 11 12 13 14 15 16 12 18 12 20 21 22 23 24 25 26 27 28 29 30 31 32 33 34 35 36 37 38 39 40 41 42 43 44 45 46 47 48 35 36 37 52 53 43 55 56 57 58 59 60 36 59 45 64 47 66 67 68 69 66 71 33 73 74 21
4 5 6 7 8 9 10 11 12 13
4 5 6 7 8 9 10 11 12 10 14
4 5 6 7 8 9 10 11 6 11 14 15 16 17 18 10 20 21 22 23 24 25 26 27 18 29 30 31
4 5 6 7 8 9 10 11 12 13 14 15 12 5 18 19 20 21 22 23 24 25 26 27 28 21 30 31 5 33 34 35 36 37 38 39
4 5 6 7 5 9 10 9 12 13 14 15 16 17 18 19 20 21 22 23 24 25 26 27 28 29 30 31 32 33 34 35 36 37 38 39 5 41 42 43
4 5 6 7 8 9 10 9 12 13 14 15 16 14 18 19 20
4 5 6 7 8 9 10 11 12 13 14 15 16 17 12 19 20 21 22 10 24 25 26 27 28 29 30 31 25 33 34
4 5 6 7 8 9 10 11 12 13 14 15 16 17 18 19 20 21
4 5 6 7 8 9 8 11 12 13 14 15 16 17 18 19 20 21 22 23 24 25 26 27 28 29 30 12 5 33 34 35 14 5 35 14 11 41 42 43 44 45 6 7 5 49 6 51
4 5 6 7 5 9 10 11 12 13 14 15 16 9 18 19 16 19 22 11 24 5 26 27 28
4 5 6 7 8 9 10 11 12 13 14 15 16 16 18 19 20 21 22 23 24 25 26 27 28 29 26 31 32 33
4 5 6 5 8 9 10 11 12 13 14 14 16 17 18 19 20 21 22
4 5 6 7 8 9 10 11 12 13 14 15 16 17 18
4 5 6 7 8 9 10 11 12 13 14 15 16 17 18
4 5 6 6 8 9 10 11 5 13 14 15 16 17 18 19 20 21 22 23 24
4 5 6 7 8 9 10 11 12 13 14 15 16 17 18 5
4 5 6 7 8 9 10 11 12 13 14 15 16 17 18 19 20 21 9 23
4 5 6 7 8 9 10 11 12 13 9 15 16 17 18 19 20 21 9 10 24 25 26 27 28 10
4 5 6 7 8 9 10 11 12 13 14 15 16 17 13 19 20 5 22 17 24 25 26
4 5 6 7 5 9 10
4 5 6 5 8 9 10 11 12 13 14
4 5 6 7 8 9 10 11 12 13
4 5 6 7 8 9 10 11 12 13 14 15 16 17 18 19 20 21
4 5 6 7 8 9 5 11 12 13 14 15 16 17 18 5 20 21 22 23
4 5 6 7 8 9 10 11 12 13 5 15 16 17 18 19 10 21 22 23 24 25 26 27 28 29 30
4 5 5 7 8 9 10 11 12 13 14 15 16 17 18 16 8 21 22 23 8 25 16 27 28 29 30 31 28 33 34 35 36 37 38 39 5 5 23 16 7 8
4 5 6 7 8 9 10 9 12 13 14 15 16 17 18 19 20 21 22 23 18 25 16 27 21 23 18 31 32 33 34 35 36 37 38 39 17 18
4 5 6 7 6 9 10 11 12 13 14 15 16 17 18 19 16 17 16 23
4 5 6 7 8 9 10 11 5 13 14 15 16 17 14
4 5 6 7 8 9 10 11 12 13 8 15 16 17 18 19 20 21 22 23 24 25 26 27 28 29 30 31 32 33 34 35 30 37 27 39 40 41 42 43 44 45 46 47 48 49 50 51 34 53 49 55 56 57 58 30 60 61 51 63 45 49 66 67 57 58 40 71 72 30 74 30 63 77 63 79 80
4 5 6 7 8 9 10 11 12 13 14 15 11 17 18 19 13 21 22 23 24 25 26 27 22 29 30 6 32 33 34 35 36
4 5 6 7 8 9 5 8 12 13 14 15 16 17 18 19 20 21 22 23 24
4 5 5 7 8 9 10 11 12 13 14 15 16 17 18 18 17 21 22 23 24 25 26 5 28 29 30 31 32 33 34 35 36 37 38 39 40
4 5 6 7 8 9 10 11 12 13 14 15 16 17 18 19 20 21 22 23 24 16 8 27 28 16 30 31 32 33 34 35 33 19 16 39 40 31
4 5 6 7 8 9 10 9 12 13 14 15 16 9 18 19 20 21 22 23 24 25 26 27 23 29 26 31 32 33 19 35 36 37 38 38 40 41 42 43 44 45 46 33 48 49 50 44 52 53 54 55 56 38 58 59 60 61 62 63 64 65 66 62 68 69 70 71 16 73 74 10 76 77 78 79 80 81
4 5 6 7 8 9 10 11 12 13 14 15 16 17 18 19 20 7 22 23 24 25 26
4 5 6 7 8 9 10 11 12 7 14 15 16
4 5 6 7 5 9 10 11 10 13 14 15 16 17 18 19 20 21 5 23 21 25 26 27 28 29 30 31 32 33 34 35 36 37 25 39 40
4 5 6 7 8 9 5 11 12 13 14 15
4 5 6 7 8 9 10 11 12 13 14 15 16 17 7 19 20 21
4 5 6 7 8 9 10 11 12 13 14 15 16 17 10 19 16 21 21 10 15
4 5 6 7 8 9 9 11 12 13 14 15 16 17 18 19 20 21 22 23
4 5 6 7 8 9 10 11 12 13 14 15 16 10 18 19 20 21 22 23 24
4 5 6 7 8 9 10 11 12 13 12 5 16 17
4 5 6 7 5 9 10 11 12 13 14 15 16 17 18 19 20 21 22 23 24 25 26 27 24 29 26 31 32 33 34 35 36 15 38 39 40 41 42 43 44 36 46 43 5 49 50 51 52 32 54 55 56 56 43 59 60 5
4 5 6 7 8 9 10 11 12 13 14 15 16 17 18 19 20 21 22 23 24 25 26
4 5 6 7 8 9 10 11 12 13 14 15 13 17 9 19 20 21 22
4 5 6 7 8 9 5 11 12 13 14 15 16 17 18 19 13 21
4 5 6 7 8 9 10 11 12 13 14
4 5 6 7 8 9 10 11 12 13 14 15 16 17 18 19 19 21 22 23 24 25 26 27 11 29 23 11 32 33 10 35 36 37 5 39 5 41 42 43 44 14 46 47 48 49 46 51 52 23 54 55 56 46 39 39
4 5 6 5 8 9 10 11 11 13 14 15 16 17 18 19 20 17 22 23 24 24 26 10 28 29 30 31 32 33 34 35 36 20 38 39 40 41 42 43
4 5 6 7 8 9 10 11 12 13 14 15 16 17 18 19 20 21 22
4 5 6 7 8 9 10 11 12 13 14 15 16 17 18 19 5 21 22 23 24 25 26 27 28 29 5
4 5 6 7 8 9 10 11 12 13 14 15 16 17 18 19 20 21 22
4 5 6 7 8 9 10 11 12 13 14 15 16 17 18
4 5 6 7 8 9 10 9 12 13 10 15 16 17 18 19 20 21 22 23 24 17 26 27 28 27 30 31
4 5 6 6 6 9 10 11 12 13 14 15 16 17 18 19 20 11 22 23 24 25 26 5 22 29 30 11 32 16 11 35 36 37 5 32 40 41 5 32 40
4 5 6 7 8 9 10 11 12 13 14 15 16 17 18 14 20 21 22 23 24 25 26 27 28 21 30 31 32 33 34 21 36 37 38 39
4 5 6 7 8 9 10 11 12 13 14 15 16 13 18 19 20 21 13 23 19 25 26 12 28 29 30 20 20 26 34 35 19 37 38 39 40 41 42 43 11 15 46 47 48 49 50 51 52 53 54 55
4 5 6 7 8 9 10 11 12 13 14 15 16 17 18 19 12 21 22 19 24 25 15 16 28 29 30 31 32
4 5 6 7 8 9 10 11 12 10 8 15 16 9 18
4 5 6 7 8 9 10 11 12 13 14 15 16 17 18 19 20 21 22 23 24 25 26 27 28 29 30 31 32 33 34 35 36 37 38 39 40 41 42 43 44 45 19 47 48 49 50 49 52 53 15 55 56 57 10 59 60 61 62 63 10 52 66 67 68 69 25 26 72 73 74 52 76 23 72 79 80 81 82 83 84 85 86 87 88 89 90 91 23 93 94 95 96 97 98 99 100 101 102 103 104 90 89 107
4 5 6 7 8 9 10 11 12 13 14 15 16 17 18 19 20 21 22 23 24 25 26 27 16 18 30 31 18
4 5 6 7 8 9 10 11 12 5 14 15 16 17 18 19 20 21 22 23 24 25 26 27 28 29 30 28 32 33 34
4 5 6 7 8 9 8 11 12 13 14 15 16 17 5 19
4 5 6 7 8 9 10 11 12 13 14 15 16 17 18 19 20 21 22 23 24 25 26 27 28 29 30 31
4 5 6 7 8 9 10 11 12 13 14 15 16 17 18 19
4 5 6 7 8 9 10 11 12 13 14 15 16 8 18
4 5 6 7 8 9 10 11 12 13 8 15 16 17 5 6 20 21 22 23 24 25 26 27 28 29 30 31 32 33 34 5 36 37 21 39 40 41 42 43
4 5 6 7 8 9 10 11 12 13 14 15 16 17 18 19 20 21 22
