40,1
1,1 47,2 74,3
1,1 66,2 70,3
13,0 77,2
1,1 25,3 46,0 66,4 100,5
1,1 25,2 71,0 78,3 80,4 89,5
1,1 46,2 65,3 68,4
13,0 22,2 47,3 66,4 71,5
13,0 50,3 69,4 74,5
1,1 15,4 79,3
1,1 68,2 71,3
1,1 48,2 74,3
15,0 67,2 86,3 91,4
9,1 67,3 85,4 87,5 91,6
1,1 15,8 56,2 70,3 71,0 81,4 90,5 98,6 107,7 118,9 121,10 123,11
1,1 74,2 80,3
1,1 25,2 62,3 69,4 76,0 93,6 106,7 119,9
1,1 55,3 76,4 79,8 88,6 124,7
1,1 36,13 39,8 53,4 59,5 70,6 77,7 85,9 94,11 101,12
1,1 42,3 53,0 62,4 67,5 69,6 84,8
1,1 15,2 59,3 62,4 97,5
1,1 54,2 60,3 73,0 85,4
15,0
1,1 69,2 76,3
1,1 47,2 66,3 75,4 80,5 83,6 85,7 90,8 111,9 143,10 148,11 155,12 161,13 164,14 172,15 178,16 189,17
15,0 78,2
1,2 17,1 18,0 59,3 65,4 66,5
13,0 35,1 48,4
2,1 17,3 55,2 84,4 93,5
1,1 15,3 48,2 58,4
13,0
1,1 15,2 49,3 66,4
1,1 15,5 85,2 89,3 106,4 121,6 124,7 136,8 147,9 168,10
1,1 15,4 68,0
1,1 61,2 62,0 71,3
1,1 32,2 53,4 77,0 91,6 98,7 114,8 118,9 124,10
1,1
1,1 15,2 47,3 51,4 64,5 79,6 82,7 89,9 97,10
1,1 15,8 25,4 49,2 56,3 70,5 90,6
1,1 71,0 85,3 91,4 108,5 114,6
1,1 27,2 34,3 62,4
1,1 25,2 62,3 64,4
1,1 15,6 54,2 58,3 70,4 81,0 130,5
1,1 15,8 44,0 58,3 64,4 68,5 84,6 92,7 137,9
1,1 57,2 73,3 74,0 77,4
1,1 15,17 25,4 51,2 52,3 72,5 80,6 115,7 118,8 120,9 126,10 129,11 132,12 140,13 147,14 152,15 156,16
1,1 61,2 70,3 75,4 77,5 104,6
1,1 68,2 144,3 151,4 213,5 214,0 232,6
1,1 43,2 46,3 68,4 75,5 83,6 93,7
1,1 15,7 56,2 83,0 92,4 100,5 112,6 140,8
1,1 70,0 85,3 92,4 113,6
0,0 11,2 78,3 96,4
26,1 55,3 71,4 77,5 78,0 83,6 116,7 135,8 140,9
1,1 15,7 57,0 63,2 65,3 67,4 79,6 104,8
13,1 41,2 45,3 59,4 69,5 74,6 83,7 87,8 106,9 111,10
1,1 15,8 29,6 63,3 73,4 78,0 99,7 138,9 140,10 142,11 152,12
1,1 51,2
1,4 26,1 35,3 54,7 72,5 79,6 86,12 94,8 131,9 138,10 149,11 159,13 199,14
2,1 38,2 69,3 79,4 81,5 92,6 99,7
1,1 41,2
1,1 98,4
2,1 55,2 62,3 127,0
1,1 15,7 40,9 53,3 54,0 57,4 59,5 60,6 80,8 114,10 123,11
1,1 58,2 69,3 70,0 84,4 92,5 132,6 157,7
1,1 15,2 86,3 89,4
1,1 72,2 78,3
1,1 73,2 118,4 121,5 142,6 180,7
13,1 61,0 70,3 104,5
1,1 41,3
1,1 60,2 77,3
1,1 15,8 53,2 91,5 99,6 104,7 141,10 156,11
1,1 15,9 59,0 73,2 79,3 83,4 99,5 107,6 133,7 140,8 160,10 193,11
1,1 43,3 73,5
1,1 50,3 64,0 85,4 114,5
10,0 15,1 61,2 65,3 75,4 106,5 109,6 113,8
1,1 47,2 49,3 67,0 73,4 76,5 84,6 105,7 112,8 125,9
1,1 62,2 72,3 76,4 100,5
1,1 58,2 61,3 76,4 78,0 95,6 112,7 121,8 136,5 195,9 198,10 223,11 233,12 243,13 246,14 252,15 258,16 273,17 281,18 284,21 296,20 310,22 322,23 331,24
1,1 58,0 76,3 111,4
1,1 49,2 51,3 60,4 74,0 85,6 91,7 93,8 97,9 104,10 123,11 133,12
1,1 71,2 72,0 87,3 95,4 134,5 144,6 159,7
1,1 63,3
5,0 36,1 45,2 55,3 58,4 64,5 75,6 83,7
1,1 15,4 30,2
1,1 63,2 99,3
1,1 15,5 68,2 100,3 108,4 126,6 140,7 185,8
15,0 54,2 73,3 78,4
1,1 15,7 69,0 76,3 84,4 109,5 116,6
1,1 40,2 41,0
6,0 19,3 34,2 49,8 80,4 91,5 95,6 96,7 154,11 164,9 177,10 205,12
13,0 63,3 64,1 72,4
1,1 15,8 59,2 83,0 93,5 102,6 111,7 126,10 134,9
1,1 33,2 52,4 64,5
1,1 42,2 44,3 48,4 54,5 63,0 73,6 87,7 107,8
1,1 60,2
0,0 13,2 55,1 79,4 88,5
0,0 22,2 80,4 90,5 108,6
1,1 53,2 64,3
1,1 15,2 65,3
6,0 12,1 28,2 36,3 40,4 67,5 98,6 133,7 152,8 157,9
1,1 15,3 42,0 55,4 66,6 82,5 116,7 133,8
1,1 15,5 45,2 65,0 74,3 82,4 124,6
1,1 51,3 52,0
1,1 15,6 57,2 69,0 79,4 88,5 93,7 99,12 146,8 155,9 166,11 173,10 197,13 200,14 212,15
1,1 28,0 33,3 40,4 41,2 45,5 47,6 52,7
1,1 63,2 70,3
14,0 57,3 85,4 90,5
13,1 61,0 70,3 104,5
1,1 15,7 50,2 60,3 86,4 97,5 103,6
1,1 68,0 101,3 107,5 119,6
6,1 9,2 25,3 34,4 47,0
13,0 53,1 63,2 82,3 87,4
1,1 55,0 58,3 75,4 107,5 115,6
1,1 48,2 64,3
1,1 15,6 54,2 70,0 77,3 88,4 108,5
1,1 28,0 71,3
1,1 47,2
1,1 62,2 93,3
13,0 55,1 69,2 75,3 79,4 95,5 103,6 113,7 129,8 136,9 155,10 163,11 182,12 187,13
1,1 50,2 68,6 93,0 98,8 101,9 106,11 112,12 117,13 131,14 136,15 157,16 167,17
14,1 73,2 77,3 124,4 134,5 138,6 150,0 157,8 176,9 181,10
1,1 25,4 57,2 71,3 96,0 115,5 124,6 129,7
1,1 13,2 18,3 22,4 76,5 85,6 88,7
1,1 71,3 91,5 96,0 120,8 135,7 143,9 156,16 167,10 200,11 203,12 210,17 226,14 256,18 258,19 267,20
19,1 24,2 61,4 70,5 88,6 93,7 98,8
1,1 15,5 55,3 59,4 70,6 80,7 107,8
1,1 30,2 82,3 92,4 106,0 113,6 115,7 117,8 120,9 131,10
1,1 80,2 88,3 97,4
1,1 70,0 71,3 84,2 85,9 99,6 101,7 116,4 117,14 131,10 139,11 141,8 142,17 148,13 149,18 163,16 202,19
1,3 15,0 47,2 73,4 80,1 88,6 111,7 116,8
1,1
1,1 28,2 77,3 80,4 85,5 135,7 138,8
1,1 52,2 59,3 63,4 69,5
1,1 15,5 29,2 38,3 53,6 85,7 93,8
1,1 52,2 71,3 73,4 83,5 84,9 89,6 91,7 97,8 127,10 132,11 139,12
1,1 51,3
15,0 54,2 58,3 72,4 76,5 101,6 108,7 116,8 120,9 122,10 133,11
1,1 55,3 63,4
1,1 70,2 82,3 85,4
1,1 52,2 62,3 79,4 88,6 90,7 97,8 103,9 123,10 128,11 131,12 135,13 145,14 151,15
1,1 67,0 77,3 85,4 111,5 119,6 130,7
0,0 13,2 48,4 95,6 98,7 101,8 104,9 113,10 120,11 125,1 140,13 143,14
1,1 65,3
1,1 25,2 71,4
1,1 49,0 55,3
1,1 59,0 64,3
1,1
1,1 64,3 69,4 83,5 100,7 105,8
1,1 15,4 54,0 66,3 68,2 89,5 99,6 107,7 116,8 123,9 133,10 149,11 153,12 162,13 172,14 174,15 184,16 200,17 203,18 210,19 221,20 224,21 229,22
1,1 53,2 59,3 70,4 75,5
15,0 50,1 55,3
1,1 25,3
1,1 61,2 66,3 72,0 101,4 110,5 129,6 139,7 141,8 150,9 159,10 161,11
6,1 10,0 27,2 36,3 50,4 89,5
13,0
1,1 48,2
1,1 25,3 49,2 60,5 63,4
1,1 51,3 52,0 55,4
1,1 75,5 78,6
1,1 15,12 44,2 47,3 58,4 70,5 73,6 75,7 123,9 126,10 151,13 153,14
1,1 42,0 66,4 70,5 75,6 82,7 83,10 91,8 105,9
1,1 32,3 45,4
1,1 15,9 82,4 83,0 100,5 108,6 128,7 208,8 229,10
1,1 15,7 72,2 106,3 127,5 137,6 143,8 156,9
1,1 51,3 52,0
1,1 15,3 104,4
1,1 75,2 85,3 107,4 110,5 121,7 122,8
1,1 25,2 61,3
1,1 134,6 150,0 235,7
1,1 15,4 67,5
1,1 31,0 65,2
1,1 62,2 89,3
1,1 15,6 96,5 102,9 107,7 111,8
1,1 15,3 32,2 83,4 89,5 111,7 142,10
15,1 17,2 24,3 43,4 72,5 91,6 93,7 100,8 106,0 121,9 125,11 130,10 144,13 163,14 168,15
1,1 26,2
1,1 52,2 55,0 65,5 83,6 114,7 127,8 131,9 140,10
9,1 44,3 58,10 72,2 82,4 88,5 98,7 129,9 141,11
1,1 2,12 15,9 54,2 65,3 68,4 77,5 86,7 90,6 109,0 133,10 143,11
15,1 94,3
1,1 57,2 70,4 85,10 96,5 97,0 121,7 136,6 144,8 168,9 201,11 204,12 211,17 222,14 227,15 257,18 259,19
1,1 49,2 61,3 83,4 86,5
1,1 25,3
1,1 15,2 52,3
1,1 63,3 68,6 71,4 80,5 88,7 122,8
8,1 14,0 28,2 52,4 71,5 85,6 103,7 108,8
1,1 52,2 57,3 73,4
1,1 25,3 56,2 76,4 88,0 92,5 96,6 126,7
1,1 57,2 61,3
1,1 27,2 32,0 33,4 41,5 80,3 81,7 84,8
1,1 78,2 81,3 89,4
1,1 70,0 85,3 92,4 113,6
1,1 72,2 81,3 85,4 93,5
1,1 60,2 85,3 93,4 111,5 118,6 146,7
1,1 15,10 51,2 68,4 70,5 82,6 90,7 93,8 104,11 108,12
15,0 27,5 29,1 43,2 45,3 50,4 59,6 111,7 121,8
1,1 15,2 52,3 82,4
1,1 58,2 95,4
1,1 15,9 55,7 93,4 148,8 175,10 181,11 183,12
1,1 46,2 54,4 76,5
1,2 14,1 74,3
1,1 65,3 66,0 74,4
1,1 46,2
1,1 15,6 81,2 90,3 94,4 109,5 134,7 153,8 191,9
1,1 15,9 59,0 73,2 79,3 83,4 99,5 107,6 133,7 140,8 160,10 193,11
1,1 15,3 25,2 88,4
1,1 26,2 77,3 89,0 107,4 110,5
1,1 15,7 57,0 63,2 65,3 73,5 77,6 102,8 129,9
1,1 58,2
17,0 65,2 81,3 100,4 105,5
15,0 45,2 76,3 84,4 104,5
2,1 65,2 80,3 102,5
25,0 57,2 61,1 71,4 80,6 99,7 104,8
1,1 15,7 48,2 92,0 101,4 108,5 127,6 133,8 148,9 152,10
1,1 15,6 48,2 58,3 84,4 93,5 109,7 113,8
1,1 55,0 62,3 65,4 94,5
20,0
1,1 15,3 47,2 54,10 78,4 83,5 104,6 144,7 151,8 162,9 187,11
13,0 25,2 44,3 49,4
0,0 27,1 41,14 77,2 78,3 99,4 178,5 189,6 213,7 214,8 217,9 222,10 223,11 226,12 228,13
57,1 91,3 95,4 118,5 143,7 153,8 156,9 175,10 194,11 199,12
1,1 55,2 66,3 84,4 91,5 94,6
1,1 15,2 52,3 59,4 62,6 64,5 80,7 92,8 98,9 105,10 109,11
1,1 28,2 51,3 66,4 72,5
1,1 15,12 44,2 46,6 51,4 62,5 64,11 68,7 75,8 84,9 86,10 94,15 100,13 116,14
1,1 32,6 50,0 54,3 58,4 69,2
1,1 15,6 69,3 110,7
1,1 15,3 29,2 51,4
1,1 64,2 71,3 74,4 122,6 125,7
1,1 86,3
1,1 51,2
13,0 22,1 50,3 69,4 75,5
13,0 48,2 50,3 63,4 68,5 70,7 79,8 84,9 89,11 114,13
1,1 71,2
1,1 40,5 51,2 53,3 68,4
15,1 78,2
1,1 32,6 70,0 77,2 120,4 124,5 161,7 164,8 171,9 174,10 200,11 208,12
1,1 88,4
1,1 30,2 51,4 77,0 91,6 98,7 114,8 118,9 124,10
1,1 15,3 94,2 107,4 114,5
1,1 15,5 41,7 54,3 55,0 61,4 81,6 115,8 124,9
13,1 40,2 43,3 92,5 107,6 110,7 117,8 144,9
1,1 15,3 26,5 29,6 73,7
9,1 44,3 119,2
1,1 35,8 41,3 58,4 69,5 96,6 102,7 114,9 118,10 123,11 128,12 134,0 146,14
13,0 37,3 56,4 61,5
13,0 64,2 84,3 90,4 106,5 119,1 178,7
1,1 15,0 59,2 102,3
13,0 25,2 46,3 51,4 81,5
1,1 30,2 38,3
36,2 45,3
1,1 41,0 53,3 68,4 70,5 87,6 94,7 95,8 137,9 143,10 145,11 147,12 154,13 163,14 181,15 199,16 209,17 241,18
1,1 53,0 55,4 63,5
1,1 49,2 57,0 67,4 69,5 80,3 95,8 105,9 119,10
13,1 61,2 77,3 98,4 131,6 143,0 149,8 154,9 170,10 179,11 198,12 203,13
1,1 15,13 49,2 66,3 91,0 98,6 111,7 116,8 128,9 167,10 175,11 187,12 211,14 243,15
1,1 77,2 82,3
1,1 71,2 72,0 75,3
1,1 15,8 56,2 75,3 85,0 96,5 99,6 103,7 109,10 124,9
1,1 47,6 50,3 62,4 64,5 73,7
1,1 15,12 53,2 58,0 72,4 78,5 82,6 98,7 106,8 116,3 132,10 139,11 159,13 192,14
1,1 35,2 41,3 77,4 80,5 82,6 88,7
1,1 15,36 61,2 62,3 72,4 83,5 84,0 95,6 97,7 106,8 111,9 113,10 116,11 125,12 158,22 168,13 180,14 192,15 196,16 197,17 198,18 199,19 204,20 219,21 223,27 225,23 227,24 232,25 247,26 254,28 257,29 272,30 282,31 296,34 321,35 342,37 345,38
1,1 61,2 62,0
13,0
1,1 25,3 61,2
1,6 15,0 24,4 82,2 90,3 120,5
1,1 34,2 42,3 53,4 65,6
1,1 69,2 78,3 82,4 117,5
1,1 15,6 55,3 59,4 62,5
1,1 25,2 73,3
1,1 47,5 60,3 62,4
13,0 58,2 68,3 86,4 93,5 99,6 101,7 104,8 113,9 119,10 125,11 128,12 131,13 150,14 155,15
1,1 28,2 48,3
0,0 22,1 36,5 46,3 102,4
6,1 9,2 25,3 34,4
13,0 23,2 58,3 67,4 88,6 107,7 112,8
1,1 15,7 58,2 60,3 62,4 74,5 78,6 82,12 93,8 100,9 102,10 106,11 123,13 152,14
13,0 60,2 70,1 75,4 83,5 98,3 105,6 108,7 113,8 131,9
1,1 25,4 57,2 71,3 97,0 116,5 125,6 130,7
0,0 30,1 81,2 106,3 111,4 121,5 133,6
1,1 15,3 46,0
13,0 40,1 42,2 66,3 85,4 90,5
10,0
1,1 2,4 15,2 64,3
1,1 62,2 91,0 98,4 107,5 138,7 153,8
1,1 15,3 71,4
12,0
1,1 68,0 81,2 96,4 98,5 119,3 152,7 157,8
0,0 26,2 40,5 76,3 78,4 80,17 99,6 166,1 170,8 181,9 203,10 206,11 208,12 211,13 217,14 220,15 222,16
1,1 32,8 68,0 75,2 96,4 102,5 118,6 122,7 156,9
1,1 47,2 57,3 60,4 66,5 80,6 103,8 106,9 141,10 147,11 161,12 184,14 187,15 219,0 231,17
1,1 40,3 60,0 64,5 68,6 72,7 106,9 108,10 113,11 119,12 121,4
1,1 51,2 76,3 80,0 90,5 96,6 102,7 110,8 115,9 120,10 140,11 152,12
1,2 16,1 40,3 75,4
19,0 46,2 47,1 56,3 64,5 83,6 88,7
1,1 28,2 58,4
1,2 68,3
1,1 61,3
1,1 62,3 70,4 78,5 82,6 114,7
15,1 73,5 81,6 97,8 103,9 110,10
1,1 78,0 85,3 91,4 92,5 107,6 112,7 119,12 123,9 124,17 132,10 135,11 145,13 151,15 163,14 183,16 199,18 206,19 219,20 227,21
23,2 44,1 71,3 93,4 112,5 117,6
0,0 23,1 81,3 90,4 93,5 98,2 109,7
2,1 17,5 54,3 62,4
0,1 14,2 82,4 84,5 86,6 87,0 92,7 97,8 105,9 111,10 114,11 116,12 121,13
6,1 9,2 25,3 34,4 50,5 72,6
3,1 33,2 52,3 54,4 63,0 69,6
1,1 58,2
1,1 15,2 25,3
13,0
1,1 15,4 25,11 30,3 72,7 77,9 91,5 99,6 118,8 147,10
2,1 68,0 82,3 86,4 118,6 173,5 185,7 198,2 209,8 216,9
1,1 15,3 26,2 66,4
1,1 52,2 61,3
1,1 15,2 66,3 81,4 83,5 93,6 94,8 101,7 123,11 126,12 136,9 141,10 155,13 160,14 169,16 170,0 176,17 181,18 187,19 191,20 194,21
1,1 15,6 49,2 59,3 71,4 79,5 94,7 103,10 117,8 147,9 176,11
1,1 15,3 47,2 75,4 79,5 81,7 89,6 100,8 140,9
13,0 50,2 74,3
1,1 15,15 58,2 84,6 87,7 89,8 91,13 100,10 137,11 140,12 154,14
1,1 44,2 47,3 49,4
1,1 15,3 55,4
1,1 55,3 87,4
1,1 70,2 71,0 99,3
1,1 63,3 73,4 92,5
1,1 15,5 44,2 51,3 58,4 80,0
3,1 25,2 38,3 45,4
1,1 15,2 69,3 96,4
1,1 60,2
1,1 50,0 69,6 72,4 74,5 85,10 88,7 90,8 108,12
1,1 50,2 52,3 87,4
1,1 74,0 126,3 135,4 143,5 162,6 167,7
1,1 57,2 73,3 74,0 77,4 81,5 91,6 100,7
1,1 78,3 95,0
1,1 71,2 79,3 91,4 97,5 107,6 115,7 130,8 140,9 148,10 186,0 196,11
1,1 73,2 109,4 194,6 203,7
15,0 59,1 66,3 76,4 88,2 93,6 96,7 100,8
1,1 54,2 64,4
15,0 49,2 53,3 60,4 63,5 67,6 69,7 76,8 80,9 88,10 111,11 151,12
1,1 15,4 54,0 66,3 68,2 89,5 99,6 107,7 116,8 123,9 133,10 149,11 153,12 162,13 172,14 174,15 184,16 200,17 203,18 210,19 221,20 224,21 229,22
1,1 25,4 56,2 83,0 100,6 123,7 140,8 164,9 169,10
1,1 15,10 58,13 83,7 86,4 91,5 99,6 104,0 109,9 122,11 124,12
1,1 51,3 52,0 61,4
1,1 100,3 104,4 105,0 108,8 138,5 141,6 167,7 188,9 231,10
1,1 19,2 32,4 45,5
1,1 12,0 73,3 107,4 119,5 183,6
1,1 64,0 76,3 96,4 111,5 117,6 124,7
5,1 6,0 28,2 36,3 40,4 67,5 98,6 133,7 152,8 157,9
1,1 36,2 41,3
1,1 50,2 53,3 59,4 97,5
1,1 68,2
1,1 28,8 51,2 74,0 78,5 104,7 116,9 120,10 125,4 136,11 144,12 171,13 179,14
1,1 31,2 48,3 67,4 71,5
1,1 53,2
1,1 15,6 25,2 93,4 96,5 111,8 116,7 127,11 144,0 161,10 173,12 175,13 179,14
1,1 69,0 82,4 89,5 99,6 102,7
1,1 15,3 55,4 63,0 69,6
1,1 57,2 69,0 73,3 77,4 82,5
1,1 47,2 48,0 77,4 86,5 92,6 112,7 122,8 125,9 133,10 138,11 142,12 153,13 213,14
10,1 24,4 34,2 76,7 79,5 85,6 92,8 101,9
1,1 30,2 54,4 69,5
1,1 25,2 59,3 66,4 74,5 79,6 86,7 94,8
1,1 35,2 71,3
1,1 15,4 55,3 74,5 79,6
1,1 15,8 56,2 63,3 98,4 101,5 102,6 110,7 121,9 124,10
1,1 15,4 62,2 65,3 84,5 89,6 108,7
1,1 56,0
6,0 23,2 40,3
1,1 15,18 45,2 58,0 64,4 67,5 69,16 72,6 85,8 88,3 94,10 97,11 102,12 149,14 152,15 157,17 180,19 208,20
6,1 9,2 25,3 34,4 93,5 98,6
1,1 53,2 56,3 71,4
1,2 16,1
2,1 86,4 93,5 101,6
1,1 86,4 93,5 110,6 119,7 122,8 124,9 129,10 135,11 142,12 145,13 148,14 150,15 154,16 158,17 170,18 186,19 197,20 207,21
0,0 27,2 41,3 86,4 92,5 101,6
1,0 14,1 45,2 58,3 65,4 70,5
1,1 53,3 89,4
1,1 52,2 56,3 63,6 69,5 82,7
1,1 15,3 86,4 89,5 94,6 101,7 113,8
1,1 25,6 47,4 71,2 91,3 109,5 116,8 119,9 125,7
13,0
1,1 15,0 91,3
1,1 49,2
1,1 69,0 95,2 151,3
1,1 15,9 57,0 64,3 66,4 68,5 76,2 81,8 106,10 133,11
1,1 48,3 50,4 90,7
13,0 63,3 82,4 87,5
10,0
1,1 51,2 70,3 72,4 102,5
1,1 40,0 46,2 51,3
1,1 15,0 52,3 71,4 74,5 81,7 89,8 116,10
14,0 57,2 85,3 90,4
15,0
1,1 15,2 67,3 69,4 78,5
1,1 15,7 44,0 58,2 64,3 68,4 84,5 92,6 137,8 154,9
0,1 67,2 92,3 104,4
1,1 15,3 25,2
1,1 50,3 86,4
1,1 42,2 43,3 56,4 59,5 62,6 64,7 71,8 80,9 92,10 94,11 96,12 103,13 108,15 112,16 114,17 149,18
1,1 57,0 59,3 67,4
1,1 15,4 87,0
1,1 15,3 56,2 68,4 98,5
13,0 23,1 54,2 73,3 78,4
1,1 15,7 58,0 72,2 78,3 82,4 98,5 106,6
25,0 59,1 68,3 77,5 96,6 101,7
1,1 29,2 62,4
1,1 15,5 73,2 76,3 78,4 100,6 135,7
1,1 44,0 46,3 50,4 54,5 57,6 63,2 65,9 69,10 73,11 75,12 86,8 94,15 98,16 115,18 134,19 140,20 174,29 189,23 192,24 196,26 219,27 229,28 252,30
1,1 49,2 62,4 65,5
13,0 45,4 63,5 66,6 68,7 77,1 82,9 87,10 90,11 109,12 114,13
1,1 63,2
1,1 15,5 30,2 45,6 63,3 73,4
13,0
1,1 45,2 49,3
1,1 51,2 58,3 61,4 83,6 95,7 98,8 105,9 118,11 120,12 127,13 133,14 141,15 144,16
0,0 1,2 7,3 27,7 53,4 67,1 70,6 117,8 119,9 125,10 133,11 136,5 158,13 182,12 189,15 201,16
1,1 49,0 88,2 92,3 99,4
1,1 15,3 34,2
1,1 78,2 88,3
1,1 15,20 56,2 59,3 61,4 73,5 89,6 93,7 97,8 99,9 102,10 123,11 125,12 127,13 159,0 165,15 187,18 213,14
0,0 16,2 75,3 87,5 125,6 128,7 135,1 139,10 143,11 149,12 168,13 173,14
1,1 15,3 86,0 111,6 117,7 126,8
1,1 34,0 41,3
15,0 36,2 78,3
1,1 15,9 55,0 64,3 74,4 79,5 122,6 125,7 127,8 149,10 152,11
1,1 15,3 63,2 88,4 123,5
0,1 3,2 67,3
1,1 62,0 72,2 77,3 80,4 98,5
1,1 15,11 71,2 74,3 76,4 79,5 125,7 128,8 134,10 154,12 189,13
1,1 51,2 58,3 60,4 79,5 87,6
1,1 15,6 66,0 74,2 78,3 88,5 91,7 121,8
1,3 26,1 29,2 48,6 66,4 73,5 80,11 88,7 125,8 132,9 143,10 153,12 193,13
1,1 15,2 44,3
1,1 30,2
0,0 15,1 25,2 74,3 76,4 82,5 86,6 92,7 95,8 97,9 132,10
1,1 28,4 69,2 72,3
1,1 53,4 62,6 78,7 98,9 100,12 110,10 117,11
1,1 15,8 51,3 74,0 93,5 104,6 114,4 140,9
1,1 28,2
15,0 41,1 51,2 56,3 73,5 79,6 89,7
1,1 48,2 50,3 56,0 67,5 72,6 78,7 99,4 107,9 113,10 121,11 123,12 126,13 135,14 178,15 181,16 183,17 206,8 214,19 219,20 226,21 231,22 238,23 240,24 260,26 268,27 270,28 278,29 296,30
1,1 15,2 61,3 69,4
1,1
1,1 45,3 53,4 55,5 57,6 59,7 61,8 114,11
1,1 15,4 25,3 70,2 102,5
0,0 15,1 62,2 72,3 83,5 121,6 123,7 134,9 138,10 143,11 162,12 167,13
11,1 74,4 85,5 90,0 107,6 109,7 128,8 133,9
1,1 42,2 44,3 57,4 60,5 63,6 65,7 72,8 81,9 93,10 95,11 97,12 104,13 106,14 109,15 113,16 115,17 150,18
1,1 88,2 120,3
1,1 15,4 25,2 64,5 71,6
1,1 15,2 52,3 60,0
1,1 23,3 47,2 86,4
13,0 62,2 81,3 86,4
1,1 15,6 25,3 79,4 98,5 116,7
0,0 14,2
1,1 15,24 50,2 52,3 54,4 57,5 59,6 67,7 74,8 76,9 80,10 84,11 86,12 89,13 110,14 112,15 114,16 126,17 142,0 149,19 170,22 195,18
1,1 74,3 77,4 86,5 117,6 137,7 146,8 149,9 153,10
0,0 16,2 68,3 70,4 84,1 90,6 93,7 95,8 109,9 129,10
1,1 67,0
13,1 18,3 29,0
0,0 22,1 36,10 72,2 73,3 94,4 174,5 185,6 209,7 210,8 212,9
13,0 54,2 73,3 78,4
1,1 15,10 58,0 72,2 78,3 82,4 98,5 106,6 116,7 132,8 139,9 159,11 192,12
15,0 29,1 77,3
1,1 58,0 68,3
13,0 48,3 72,4
1,1 15,10 63,0 79,3 86,4 99,2 113,5 119,6 123,7 139,8 147,9 163,11
1,1 15,8 64,3 88,5 96,6 131,9
1,1 43,2 47,3 67,4
13,0
26,0 71,1 128,2
0,0 18,1 92,2 119,3 169,4 172,5 174,6 177,7 192,8
1,1 49,2 64,3 76,0 84,4 86,5 127,6
1,1 46,2
1,1 58,2 68,3
1,1 15,36 43,0 60,2 62,3 77,5 79,7 120,23 123,8 132,11 139,12 149,13 158,14 163,15 169,16 177,18 187,19 197,21 201,22 211,24 223,26 226,27 233,29 237,30 247,31 256,33 262,34 282,35 304,37
0,0 11,2 81,4 99,5
1,1 15,5 76,0 85,2 91,3 103,4 122,6 127,7
1,1 15,9 46,11 58,2 61,3 81,4 88,5 95,6 110,7 116,8 131,10
1,1 25,3 52,2 77,4 84,5 93,6
1,2
1,1 28,2 46,3
1,1 15,4 50,2 58,0 67,3 115,5 116,6 147,7
1,5 19,1 27,2 40,4
1,1 53,2 76,4 114,5 117,6 124,0 128,9 132,10 137,11 156,12 161,13
1,1 52,2 60,3 71,4 73,10 89,5 96,6 104,7 109,0 112,9
13,3 21,2
15,0 55,1 60,4 87,5
10,0 17,2 32,9 91,3 94,4 142,5 145,6 150,8 169,10 204,11
15,0
1,1 46,2
1,1 49,2 51,3 74,4 87,5 95,6 98,7 100,8 104,9 107,10
1,1 69,2 71,3 94,6 96,7 103,8 147,9 150,10 152,11
1,1 15,11 58,0 72,3 78,4 82,5 98,6 106,7 116,2 132,9 139,10 159,12 192,13
1,1 32,2 68,4 91,0 101,5 108,6 124,7 137,9
1,1 67,0 75,2 83,3 109,4 117,5 128,6
1,1 61,2 66,3
12,0 38,1 76,2 78,3 79,4 105,5
1,1 77,2 98,3
1,1 25,4 52,3 90,5
0,0 30,2 47,3 52,4
1,1 15,5 62,2 72,0 83,3 86,4 110,6
2,1 17,3 64,4 66,5 75,6 100,7
1,1 47,2 48,3 51,4 72,5 75,6 77,7
2,1 17,3 50,2 70,12 71,6 76,4 83,5 127,7 130,8 134,9 136,10 139,11 142,13 159,14 174,15
2,1 17,2 99,3
1,1 53,2 57,3 64,6 70,5 83,7
1,1 33,3 54,8 116,5 121,6 122,9 150,7 160,10 173,11 176,12 210,13
1,1 58,2 72,3
0,0 15,2 62,3 83,4 117,1 121,6 125,7 130,8 149,9 154,10
1,1 15,2 62,3 65,4 77,5 85,6
1,1 25,2 40,3
1,1 73,3 80,4 83,5
13,1 66,2 95,3 98,4 99,5 113,0 121,7
1,1 15,5 43,0 49,2 56,3 74,4 91,6
1,1 15,3 48,2 77,4
1,1 57,0 61,2 68,3 96,4
1,1 57,2 73,3 74,0 77,4 91,5 100,6
1,1 15,16 25,4 51,2 52,3 74,5 82,6 116,7 119,8 121,9 128,10 135,11 143,12 150,13 155,14 159,15 176,17 186,18
1,1 44,0 46,3 67,2 69,6 90,8 137,10
13,0 50,3 74,4
1,1 52,2 63,3 77,4 83,5 112,6
1,1 72,2 84,3 112,4
1,1 71,0 80,3 104,4
1,1 51,2 54,3 64,4 68,5 73,6 77,7 80,8 83,9 92,10 143,11
1,1 70,3 79,0 103,5 114,4 131,6 144,7 170,8 175,9 183,10 202,11 207,12
1,1 28,2 52,3
1,1 71,2 72,0 75,3 79,4
1,1 15,7 44,0 49,3 78,5 84,6 117,9
1,1 81,2 92,3
1,1 15,2 71,4 83,5
1,1 15,5 28,3 52,2 91,4 122,6
10,0
1,1 44,0 54,3 63,2 67,5 87,6 91,7 99,8 103,9 108,4 127,11 138,10 149,12 151,15 159,16 188,17
15,0
6,1 9,2 25,3 34,4 50,5 100,7 106,8 115,10 125,11 132,12 137,13 143,14 153,15
1,1 15,12 52,2 58,3 75,4 77,5 88,6 93,7 101,8 117,10 122,11 136,13
1,1 15,2 25,5 36,3 74,4
37,0 85,1 96,3 115,4 120,5
1,1 15,9 25,5 75,3 89,4 134,0 166,6 170,7 175,8 197,10 200,11
1,1 50,0
1,1 53,3
1,1 15,7 55,3 66,4 68,5 84,6 106,8
4,1 19,2 67,0 77,4 111,6
13,1 61,2 80,3 85,4
1,1 15,6 32,8 44,2 47,3 69,4 76,5 94,7
12,0 54,1 60,2 79,3 84,4
1,1 59,2
1,1 15,5 63,3 69,4 70,0 85,6 114,7
1,1 67,3 77,0 92,4 100,7 113,5 120,6 124,8 157,9 160,10 167,13 209,14 211,15
25,0 59,1 68,3 77,5 94,6 97,7 102,8
1,1 25,2 62,3 81,4 87,5
0,0 14,1
1,1 15,8 29,6 63,3 73,4 78,0 100,7 139,9 141,10 143,11 153,12
1,1 15,2 68,3 77,4
6,1 9,2 98,3
1,1 15,8 56,4 69,0 71,2 79,3 93,7 96,5 106,6 111,11 137,10
1,1 15,2 82,3
1,1 28,4 32,2 37,3 40,6 64,5 70,7 93,8 134,9
12,1 19,2 57,4
1,1 66,2
1,1 15,2 49,3 52,4 56,5 91,6
1,1 51,2 71,0 81,3 97,4 105,5
1,1 28,2 84,3
1,1 48,2 60,3 62,4 74,5 77,6 79,7 86,8 89,9 91,10 103,11 109,12 121,15 122,16 128,17 145,18 149,19 201,20 204,21 206,22 238,25
13,0 26,2 47,3 52,4 82,5
1,1 57,3 58,0
1,6 15,0 18,2 42,1 45,4 61,7 67,8
1,1 44,0 54,3 63,2 67,5 87,6 91,7 99,8 103,9 108,4 127,11 138,10 149,13 151,14 159,15 188,16
13,0 25,2 46,3 51,4 56,5 75,6 80,7
1,1 53,3 59,4 70,5 77,6 83,7 85,8 94,10 101,11 131,13
1,1 30,2
6,1 9,2 25,3 34,4 48,5
6,1 9,2 25,3 34,4 59,0 79,5 91,7
1,1 59,2 69,0 76,4 93,12 122,5 129,6 137,7 141,8 148,9 152,3 164,11 173,13 176,14
1,1 29,2
1,1 42,3 46,4 64,5 71,6 73,7 108,9 112,10
1,1 46,2 50,3 65,6 68,7 104,8
1,1 13,2 21,3 75,4 84,5 87,6
1,1 71,0 85,4 92,5 106,6
15,0
15,0 42,2 44,3 54,4 73,5 77,6 90,7 93,8 95,9
1,1 15,3 57,2 86,4
1,1 55,3 63,0 99,5
1,1 16,6 46,2 63,3 67,4 74,5 111,7
6,1 9,2 25,3 34,4 59,0 79,6 90,7
1,1 59,2 69,3 74,4 78,5 80,6 83,0 88,8 103,7
30,1 31,2 37,3 68,4 74,5 90,6 93,7 95,8
1,1 15,5 36,2 43,3 49,4 94,6
15,0 59,2 62,3 74,4 75,1 81,5 84,6
1,1 51,3 52,0
1,1 29,4 50,2 58,0 83,5
1,1 48,2 69,4 72,5 106,6 163,7 166,8 176,9 182,0 194,10 208,11
1,1 50,3 52,4
1,1 15,8 58,0 78,2 82,3 106,4 116,5 132,6 139,7 159,9 192,10
1,1 43,2 60,3
1,1 69,2 75,3 104,4 108,0 120,5 137,6
1,1 15,9 68,3 73,4 88,6 100,7 112,0 114,8 139,10
1,1 15,2 53,3 62,4 66,5 71,6 97,8
0,0 15,2 29,16 94,3 95,1 100,4 132,5 143,6 150,7 152,8 160,9 171,10 178,11 188,12 197,13 223,15 234,17 238,18
1,1 56,2 68,0 72,4 76,5
1,1 25,6 62,3 65,4 73,0 85,5
1,1 15,10 48,2 55,3 58,4 68,12 79,5 84,6 105,7 145,8 152,9 169,11 179,13
13,1 26,4 51,2 71,8 79,5 82,6 97,0 105,10 113,11 140,12
1,1 34,2 51,4 83,7
1,1 15,3 31,2 71,4 97,5
1,1 49,3 73,4 81,5 96,6 118,7 135,8
13,0 50,2 57,3 72,4 96,5 110,6 113,7 152,8 155,9 157,10 163,1 176,12 181,13 197,14 216,15 221,16
1,1 26,3 49,2 79,4 84,5
1,1 65,2 95,3 114,4 118,5 127,6 139,7 157,0
1,1 64,2
1,1 78,2 82,3
1,1 15,8 44,0 60,3 66,4 70,5 86,6 94,7 139,9
1,1 15,2 52,3 55,4 71,6
1,1 15,4 32,2 35,3 51,0 67,5
1,1 53,2 67,3 70,4 90,0
1,5 27,1 39,0 49,3 57,4 68,2 100,6 135,12 148,7 154,8 167,9 178,10 201,11 224,13 227,14
1,1 25,2 75,3 82,9 109,4 112,5 114,6 117,7 124,8 134,10 138,0 142,12 145,13 147,14 151,15 154,16 161,11 165,19 169,20 199,21
1,1 70,3 73,4
1,1 15,4 68,0 78,2 87,3 144,6 154,7 158,8
13,0
0,0 22,2 36,4 46,3 141,5
35,1 71,2
1,1 29,15 62,4 67,5 74,6 82,7 85,8 87,9 92,10 101,11 103,12 109,13 118,14 172,16 177,17
1,1 46,2 56,3 87,4
1,1 25,3 72,4
1,1 30,2
1,1 15,8 56,2 83,0 92,5 100,6 112,7 140,9
1,1 25,6 73,2 75,8 81,3 99,5 112,7
1,1 30,2 58,3 63,4
1,1 15,3 44,0 50,2
18,1 19,2 42,4 43,5 73,7 105,8 112,9 120,0
1,1 46,2 48,3 50,4 76,6
15,0 59,1 60,2 91,3 174,5 189,6 197,7 198,8 201,9 210,10 216,14 228,13 242,15 254,16 263,17
1,1 61,2 72,3 77,4 87,6 91,7
1,4 18,1 25,2 28,3 37,11 49,5 56,6 70,12 79,7 111,8 118,9 129,10 179,13
1,1 59,2
1,1 26,4 30,2 50,3 104,5
1,1 55,4 66,5 111,7
1,1 15,2 51,3 64,5
6,1 9,2 25,3 34,4 47,0 78,5 84,7 89,8 92,9
1,1 15,2 50,9 63,3 93,0 103,4 111,5 166,6 177,7 183,8 218,10 221,11
1,1 42,2 45,3 67,4 74,5 88,6
1,1 63,3 88,0 102,5 109,6 125,7 138,9
15,0 37,2 56,3 82,5 101,6
1,1 46,2 58,3 69,4 76,5 81,6 84,7 91,8
1,1 15,6 72,2 97,3 114,4 120,5 133,7 136,8 138,9
1,1 59,2 61,0 64,3 78,4
1,1 15,15 62,2 78,3 93,5 115,10 127,6 130,7 142,8 161,0 168,11 180,13 185,12 193,14 204,16 210,17
2,1 27,3 54,2
17,1 54,0 63,3 67,4 111,5 112,6 143,7
1,1 15,6 56,2 62,3 76,4 89,5 103,7 125,8
1,8 38,2 41,3 86,5 89,6 103,9 131,10 133,11
1,1 47,2 57,3 68,4 95,5 101,6 104,7 106,8 115,9 119,10 124,11 129,12 135,0 147,14
10,0 23,1 28,3 36,4 51,5
13,0 49,3 52,4
1,1 25,2 75,3 87,0 91,5 95,6 125,7
6,1 9,2 25,3 34,4 60,6
2,1 17,2 76,3
1,1 15,3 64,2 83,4
1,1 53,2 62,3 73,4 87,5 126,6
1,1 25,2 90,3
10,0 13,1 67,2 76,3 79,4 92,5 94,6 101,7 108,8 116,9
1,1 54,3
1,1 15,11 49,2 50,3 60,4 80,5 102,7 135,8 138,9 139,10 161,12 164,13 167,14
0,0 21,1 81,2
1,1 15,6 52,3 107,7
1,1 53,0 83,3 111,4 115,5 122,2 141,7 148,8 157,9
1,1 15,2 29,3 100,4
1,1 15,2 94,4
1,1 63,2 71,3 87,4
1,1 78,2 121,4 125,5 156,6 177,7 180,8 187,9 196,10 204,11
10,0 17,2 32,9 91,3 94,4 142,5 145,6 150,8 169,10 204,11
1,1 15,5 59,2 74,3 80,4 93,0 113,6 124,7
12,1 40,11 49,3 52,4 54,5 98,6 101,7 103,8 113,9 180,12
1,1 33,3 54,8 116,5 121,6 122,9 150,7 168,10 184,12 189,13 193,15 206,16 209,17
2,1 17,3 66,2
2,1 17,9 52,2 61,3 77,5 89,6 100,7 105,8 130,10
1,1 15,2 65,3 67,4 71,5 80,6 86,7 87,8 121,9
1,1 50,2 69,5 78,6 81,7
1,1 15,9 45,2 46,3 52,4 62,5 68,6 73,7 74,8 110,10 113,11 114,12
1,1 57,0 64,3 68,4
