4 5
4 5 6 7
4 5 6 7
4 5 6
4 5 6 7 8 9
4 5 6 7 8 9
4 5 6 7 8
4 5 6 7 7 9
4 5 6 7 7 9
4 5 6 7 8
4 5 6 7 8
4 5 6 7
4 5 6 6 8
4 5 6 7 8 9 10
4 5 6 7 8 9 10 11 5 13 14 15
4 5 6 7
4 5 6 7 8 9 10 11 12 13
4 5 6 7 8 6 10 8 12
4 5 6 6 8 9 8 11 12 13 14 15 16 17
4 5 6 7 8 9 9 11 12
4 5 5 7 8 9
4 5 6 7 8
4 5 6
4 5 6 7
4 5 6 7 8 9 10 11 12 7 14 15 9 10 11 11 20 21
4 5 6
4 5 6 7 8 9
4 5 6 7 8
4 5 6 5 8 9
4 5 6 5 8
4 5
4 5 6 7 8
4 5 6 7 8 5 10 11 12 13 14
4 5 6 7 5
4 5 6 7
4 5 6 7 8 9 10 10 12 13 10
4 5 6
4 5 6 7 8 9 10 11 12 13 14
4 5 6 7 8 9 10 11 12
4 5 6 7 8 9 8
4 5 6 7 8
4 5 6 7 8
4 5 6 7 8 9 10 11
4 5 6 7 8 9 10 8 12 13
4 5 6 7 8
4 5 6 7 8 9 10 11 12 7 14 15 16 17 18 19 20 5
4 5 6 7 8 9 10
4 5 6 7 8 9 10
4 5 6 7 8 9 10 11
4 5 6 7 8 9 10 11 12
4 5 6 7 8 9 10
4 5 6 7 8
4 5 6 7 8 9 10 11 11 13
4 5 6 7 8 9 10 5 12
4 5 6 7 8 5 10 11 12 13 14
4 5 6 7 8 9 10 11 12 13 14 15 16
4 5 6
4 5 6 7 8 9 10 8 12 13 14 15 8 17 18
4 5 6 7 8 9 10 11
4 5 6
4 5 6 7 8
4 5 6 7 8
4 5 6 7 8 9 10 5 12 13 14 15
4 5 6 7 8 9 10 11
4 5 5 7 8
4 5 6 7
4 5 6 7 8 9 10 11
4 5 6 7 8 9
4 5 6 7
4 5 6 7
4 5 6 7 8 9 6 11 5 13 14 15
4 5 6 7 8 9 7 11 12 13 14 15
4 5 6 7 8 9
4 5 6 7 8 9
4 5 6 7 8 9 10 11 12
4 5 6 7 8 9 10 11 12 13
4 5 6 7 8 9
4 5 6 7 8 9 10 11 12 6 14 15 16 17 18 19 20 20 12 23 24 14 26 15 28
4 5 6 7 8
4 5 6 7 8 9 10 11 7 13 14 15 16
4 5 6 7 8 9 10 11
4 5 6 7
4 5 6 7 8 9 10 11
4 5 6 7 5 9
4 5 6 7
4 5 6 7 8 9 10 11 12
4 5 6 6 8
4 5 6 7 8 9 10 5
4 5 6
4 5 6 7 8 9 10 11 7 13 14 15 16
4 5 6 7 8
4 5 6 7 8 9 10 11 12 13 12
4 5 6 7 8 9
4 5 6 7 8 9 10 11 12
4 5 6
4 5 6 7 8 9
4 5 6 7 8 9 10
4 5 6 7
4 5 6 7
4 5 5 7 8 9 10 11 11 13
4 5 6 5 8 9 8 11 12
4 5 6 7 8 9 10
4 5 6 7
4 5 6 7 8 9 10 11 9 13 14 15 5 17 18 19
4 5 6 7 8 9 10 11
4 5 6 7
4 5 6 7 8 9
4 5 6 7 8 9
4 5 6 7 8 9 6 11
4 5 6 7 8 9 10
4 5 6 7 8 9
4 5 6 6 8
4 5 6 7 8 9 10
4 5 6 7
4 5 6 7 8 9 10
4 5 6 7
4 5 6
4 5 6 7
4 5 6 7 8 6 10 11 12 13 14 15 16 17
4 5 6 7 8 8 10 11 12 13 14 15 16 17 18 19 20 21
4 5 6 7 8 8 7 11 12 12 14
4 5 6 7 8 9 10 11
4 5 6 7 8 6 10 11 12
4 5 6 7 8 9 10 11 12 13 14 15 16 17 18 19 20 21 22 23 24
4 5 6 7 8 9 10 5 12
4 5 6 7 8 9 10 11 12
4 5 6 7 8 9 10 11 12 13 14
4 5 6 7 8
4 5 6 7 6 9 10 11 12 13 14 15 9 6 13 9 6 13 13 23
4 5 6 7 8 9 10 11 12
4 5 6 7
4 5 6 7 8 9 10 11 12 13
4 5 6 7 8 9
4 5 6 7 8 9 5 11 12
4 5 6 7 8 9 10 11 12 13 14 12 16
4 5 6 7
4 5 6 7 8 9 7 11 12 13 7 15
4 5 6 7 8
4 5 6 7 8
4 5 6 7 8 9 10 11 12 13 14 15 16 17 6 19
4 5 6 7 8 9 10 11
4 5 6 7 8 9 10 11 12 13 14 15 16 17 18
4 5 6 7
4 5 6 7 8
4 5 6 7
4 5 6 7
4 5
4 5 6 7 8 9 6 11 12
4 5 6 7 8 9 10 11 12 9 14 14 11 12 18 19 18 21 19 23 24 25 9
4 5 6 7 8 9
4 5 5 7
4 5 6 7
4 5 6 7 8 9 10 11 9 13 14 15
4 5 6 7 8 9
4 5
4 5 6
4 5 6 7 8 7
4 5 6 7 8
4 5 6 7 8 9 10
4 5 6 7 8 9 10 11 12 13 11 12 5 17 18
4 5 6 7 8 9 10 11 12 13 14 15
4 5 6 7 5
4 5 6 7 8 9 10 10 12 13 14
4 5 6 7 8 9 10 5 12 13
4 5 6 7
4 5 6 7 8
4 5 6 7 6 9 10 11 12
4 5 6 7
4 5 6 7 8 9 10 11
4 5 6 7 5 9
4 5 6
4 5 6 6
4 5 6 7 8 9 5 11 12 5
4 5 6 7 8 9 10 11 12 13 14
4 5 6 7 8 9 10 11 12 13 13 15 16 17 18 19
4 5 6
4 5 6 7 8 9 10 11 12 13 14
4 5 6 5 8 9 10 11 12 13 5 15
4 5 6 7 8 8 10 11 12 5 14 15 16 17
4 5 6 7
4 5 6 7 8 9 10 11 12 13 14 15 16 17 18 19 20 21 22 23
4 5 6 7 8 6
4 5 6 7
4 5 5 7
4 5 6 7 8 7 10 11 12
4 5 6 7 8 9 10 10 12
4 5 6 7 8
4 5 6 7 8 9 10 11
4 5 6 7
4 5 6 7 8 9 7 11 12
4 5 6 7 8
4 5 6 7 8 9 10
4 5 6 7 8 9
4 5 6 7 8 7 10 11
4 5 6 7 8 9 10 11 6 13 5 10 16
4 5 6 7 8 9 10 11 12
4 5 6 7 8
4 5 6 7 8
4 5 6 7 8 9 6 11 8 13 14 15 14
4 5 6 7 8 9
4 5 6 7
4 5 6 7 8
4 5 6
4 5 6 7 8 9 10 11 12 13
4 5 6 7 8 9 7 11 12 13 14 15
4 5 6 5 8
4 5 6 7 8 9
4 5 6 7 8 9 10 11 12 13
4 5 6
4 5 6 7 8 9
4 5 6 7 8 9
4 5 6 7 8 9
4 5 6 5 8 9 10 10 12
4 5 6 7 8 9 10 5 12 13 14
4 5 6 7 8 9 10 11 12
4 5 6 7 8 9
4 5
4 5 6 7 8 9 9 11 12 13 7 15
4 5 6 6 8
4 5 6 7 8 9 10 6 12 13 14 15 8 17 5
4 5 6 7 7 9 10 11 12 11 14 15 16
4 5 6 7 8 9 10
4 5 5 7 8 9 10 11 12 13 14 15
4 5 6 7 8 9
4 5 6 7 8 6 10 11 8 13 6 15 5 17 18 5
4 5 6 7 8 9 10
4 5 6 7 8 9 5 11
4 5 6 7 8
4 5 6 7 8 9 10 8 9
4 5 6 7
4 5 6
4 5 6 7 8 9
4 5 6 7 8 6 10 8 12 6 14 15 16 17
4 5 6
4 5 6 7 8 9
4 5 6
4 5 6 7 8 9 10 11 12 13 14 11 16
4 5 6 7 8
4 5 6 7 8 9 10 11 12 13 11
4 5 6 5 8 9
4 5 6 7 8 5 10 11 12 13
4 5 6 7 8 9 10 11 12 13
4 5 6 5 8 9 10 11
4 5 6 5
4 5 6 7 8 9 9 11 12 13 14 15 16 17 18
4 5 6 7 8 9
4 5 6 7 8 6 10 11
4 5 6 7
4 5 6 7 8 9
4 5 6 7
4 5 6 7
4 5 6 7 8 9 10 11 12 13 14 15 16 17 18 19 20 21 22
4 5 6 7 8 9
4 5 6 7 8 9 7 11 12 13 14
4 5 6 7 8 9 10 11 12 13 14 15 16 17
4 5 6 7 8 9 10 11 12 13 12 15 12 5 18 19
4 5 6 7
4 5 6 7
4 5 6 7 8 9 10 11 5 13 14
4 5 6 7 8 9 10 11
4 5 6 7 8 9 10 11 9 13 14 15 5 17 18
4 5 6 7 8 9 10 11
4 5 6 7 8 9 10 11 12 13 14 15 16 17 18 19 6 7 22 23 11 25 13 14 28 15 30 13 14 33 34 35 36 37 38 39 40 41 42
4 5 6
4 5 6
4 5 6 7
4 5 6 7 8 9 10
4 5 6 7 6 9 10
4 5 6 7 8 9
4 5 6 7 8 9 10
4 5 6 7
4 5 6 7 8 9 10
4 5 6 7 7 9 10 9 12 13 14 13 12 17 17 19
4 5 6 7
4 5 6 7 8 5
4 5 6 7 8
4 5 6 6 8 9 10 11 12
4 5 6 7 8 9 10 5 12 13 7 15 5 5 18
4 5 6 7 8 9 10 11 12 13
4 5 6 7 8 9 6 6
4 5 6 7 8 9 10
4 5 6 7 8
4 5 6 7 8 9
4 5
4 5 6 7 8
4 5 6 7 8 9 10 8 12
4 5 6 7 8
4 5
4 5 6 7 8 9 10 11 12
4 5 6 7 8 9 10 11 12 13 14 15 8 17 18 10 20 9
4 5 6 7 8 9 10 11 12 13
4 5 6 7 8 9 10 11 12 13 8 15 10 11 12 8 20 21
4 5 6 7 8 9 10 11 12 13 14 15 16
4 5 6 7 8 9 10 11 6 13 14 15 16
4 5 6 7 8
4 5 6 7 8 9 9 11
4 5 6 7 8
4 5 6 7
4 5 6 7
4 5 6 7 8 9 10 11
4 5 6 7 8 9 9 6 12 13 14
4 5 6 7 8 9 10 11 12 13 14 15 16 17 18 19 20 16 20 23 10 25
4 5 6 7 8 9 10
4 5 6 7 8 9 6 11
4 5 6 7 8 9
4 5 5 7 8 9 10 11 12 13 14 8 16 17
4 5 6 7 8 5 5
4 5 6 7 8 9 10
4 5 6
4 5 5 7
4 5
4 5 6 7 5 9 10 11 12 5 14 15
4 5 6 7 8 9 10 11 12 13
4 5 6 5 8
4 5 6 7
4 5 5 7 8 9 10 11 12 7 14 15 12 17 18 19 20 14 22 23 24 25
4 5 6 7 8 9 5 9 12 13 14 15
4 5 6 5 8 9 10 11 12 13
4 5 6 7
4 5 6 7 8 9 10 11 12 13 14 15 12 17 18 5
4 5 6 7 8
4 5 6 7 8
4 5 6 7 8
4 5 6 7
4 5 6 7 8 9
4 5 6 7 8 9 10
4 5 6 7 8
4 5 5 7 8
4 5 6
4 5 6 7 8 9 10 11 12 13 14 15 9
4 5 6 7 8
4 5 6 7 8 9 10 11
4 5 6 7 8 9 10 11
4 5 6 7 8
4 5 6 7 8 9 10 11 12 13 14 15 16
4 5 6 7 8 9 10 11
4 5 6 7 8 5 10 11 12
4 5 6 7 8
4 5 6 7 8 9 10 11 12 13 7 13 16
4 5 6 7 8 9 10 11 12 13 14 15 16 17 15 13 14 21 9 23 24 25 9
4 5 6 7 8 9 10 10 12 13 14
4 5 6 7 8 9 10 11 12 9 14 15 16 17 18
4 5 6 7 8
4 5 6 7 8 9 10 11 12 7 14
4 5 6 7 8 5
4 5 6 7 8 9 10
4 5 6 7 8 8 10 11
4 5 6 7 8 9 9 11 11 13
4 5 6 7
4 5 6 7 8 9
4 5 6
4 5 6 7 8 9 10 11 12 13 14 15 16 17 18
4 5 6 7 8 9
4 5 6
4 5 6 7 8 9 10 11 5 13 14 5 16 17 18
4 5 6 7 8 9 10 11
4 5 6 7 8 9 10
4 5 6 7 8 9
4 5 6 7 8 9 10 11 12 11 14 15 12 17 18
4 5 6 7 5 9 10 11 12 13
4 5 6 7 8 9
4 5 6 7 8 8 10 11 11
4 5 6 7
4 5 6 7 8 9 10
4 5 6 7 8 9 10 11 12 13 14
4 5 6 7 5 9 10 11
4 5 6
4 5 6 7
4 5 6 7 8 9 10 11 12 13 8 15 16 17 18 19 20 21 22 23 24
4 5 5 7 8 9 10
4 5 6 7 8
4 5 6
4 5 6 7 8 9 10
4 5 6 7 8 9 10 11 12 13 12 15 16 8 18 19 20 21 22 8 24 25
4 5 6 6 8 9 10
4 5 6 5 8 9
4 5 6 7 8
4 5 6 7 8 9 10 11
4 5 6 5 8 9 10 11 12
4 5 6 7 8 9 10 11 12 12
4 5 6
4 5 6 7
4 5 6
4 5 6 7
4 5 6 7 8 9 10 11 12 13 14 15
4 5 6 7 8 9 10 11
4 5 6 7 8 9
4 5
4 5 6 7 8 9 10 11
4 5 6 7
4 5 6 7 8 9 10 7 8 13 14
4 5 6 7 8
4 5
4 5 6 7 8 9
4 5 6 7 8 9 7 11 12 13
4 5 6 7 8
4 5 6 7
4 5 6 7 8
4 5 6 7 8 9 10 11 11 7 14 15 16 6 18 19 20 9 22
4 5 6 7 8
4 5 6 7 8
4 5 6 5 8 9
4 5 6 7 8
4 5 6 7 8 6 10 11
4 5 5 7 8 9 9 11
4 5 6 7 8 7
4 5 6 7 8 9 10 11
4 5 6 7 8 9 7 11 12 13 8 15 16 6 18 19 15 18 22 23 24 25 26 27 24 25 30 31 32 33 34
4 5 6 7 6 9 10
4 5 6 7 8 9 10 11 12 13 14 15 15 17
4 5 6
4 5 6 7 8 9 9
4 5
4 5 6 7
4 5 6 7 8 9 10 11 12 13 14 15 16 16 18 19 20
4 5 6 7 8 5 10 11 12 13 14 15 5 17 5 19 20
4 5 6 7 8
4 5 6 7
4 5 6 7
4 5 6 7 8 9 10 11 12 13 14 7 8 14 18 7 20 21 22 23 24
4 5 6 7 8 9 10 7 8 5 14 15 16 16 18
4 5 6 5 8 9 10 11 12
4 5 6 7
4 5 6 7
4 5 6 7 8 9 10 11 12 13 14 15
4 5 6 5 8 9
4 5 6 7
4 5 6 7 8 9
4 5 6 7 8 9 10 11 9 10 14 5 16 17
4 5 6 7 8 9 10
4 5 6 7 8 9 5 11 12
4 5 6 7 8 9 10 9 12 13 14 7 7 17
4 5 5 7
4 5 6
4 5 6 7 8 9 10 11 7 8 14
4 5 6 7 8
4 5 6 7 8 9 10 11 12 13 14 15 16
4 5 6 7 8 9 10 11 5 13
4 5 6
4 5 6 7 8 9 10 11
4 5 6 7 8 9 10 11 8 13 14 6 7 17 18 19 6 21 8 23 19 18 26 27 28 29 30 6 21 18 34
4 5 5 7 8
4 5 6
4 5 6 7 8 9 10 11 12 13 14 15
4 5 6 7 5 9
4 5 6 7 8 9 10 11 12 13 14 15 16 17
4 5 6 7 8 9 10 11 11 13
4 5 6 7 8 9 10 11 11 13 14 6 16 6 13 19 14 21 22
4 5 6 7
4 5 6 7 8 9 10
4 5 5 7
4 5 6 7 8
4 5 6 7 8
4 5 6 7 8 9 10 11
4 5 6
4 5 6 7 8 6 7 11 12 13 14 6 7 17 6 19 17 21 22 23 24 25 26 22 28
4 5 6 7 8 9 10 11 12 13 14
4 5 6 7 8 9 10 7 12 13 14
4 5 6
4 5 6 7 8
4 5 6 7 8 9 10 6 7 13 5
4 5 6 7 8
4 5 6 7 8 6 7 11 12 13 5 15 16
4 5 6 7
4 5 6 7
4 5 6 7 8
4 5 6 7 8 9 10 11 12 13 5 15
4 5 6 7 8 9 10 11 5 13
4 5 6 7 8
4 5 6
4 5 6
4 5 6 7 8 9 10 10 12
4 5 6 7 8 9 10
4 5 6
4 5 6 7
4 5 6 6 8 9 10 11 12 10 14 15 16 17 18 19 9 10 17 12 24 25 25 11 12 24 17 31 32 33 34 12 10 19 38 33 40 41
4 5 6 7 8 9
4 5 6 7 8 5 10 11
4 5 6 7 8 9 10 11 12 13 14 5
4 5 6 7 8 9 10
4 5 6
4 5 6 7 8 9
4 5 6 7 5 9 10 11
4 5 6 7 8 9
4 5 6 7 8 9 6 11 12 13 14 15 16 17
4 5 6 7 8 9 10 9 12 13 14
4 5 6 7
4 5 6 7 8 9
4 5 6 7 8 9 10 11 12 13 14 15
4 5
4 5 6
4 5 6 7 8 9 10 6 12 13 14
4 5 6 7 8 9 10 11 12 13 14 7
4 5 6 7 8 9 10 11 12 13 14 15 16 17
4 5 6 7 8 9 10 11 12 10 14
4 5 6 7 8 9 10
4 5 6 7
4 5 6 7 8 9
4 5 6 7
4 5 6 7 8 9
4 5 6 7 8
4 5 6 7 8 5 10
4 5 6 5 8 9 10 11
4 5 6 7 8 9 10 7
4 5 6 7 8 9 10 11 12 13 14 15 16 16 18 19
4 5 6 7
4 5 6 7 8 9 10 11
4 5 6 7 8 9 10 11 12 13 14 15 16 17
4 5 6 7
4 5 6 7 8 9 10 11 12 13 14
4 5 6 7 8 9 10
4 5 6 7
4 5 6 7 8 9
4 5 6 7 8 9 10 11
4 5 6 7 8 9 10
4 5 6 7 8
4 5 6 7 8
4 5 6 7 8 9 10
4 5 6 7 8 9 10 11 6 13 13 15 16 17 18 19 5 21 22
4 5 6 7 8 6 10 11 12 13 14
4 5 6 7 8
4 5 6 7 8 9 10
4 5 6 7 8
4 5 6 7 8
4 5 6 7 6 6 10 11 12 13 14 15
4 5 6 7 8 9 10 11 12 13 14 14 16
4 5 6 7
4 5 6 7 8
4 5 6 7 8 9 10 5 8 13
4 5 6 7
4 5 5 7 8 9
4 5 6 7 8 5 10
4 5
4 5 6 7 6 9 10 11 12 13 14 15 14 17 14 19 20 21
4 5
4 5 5 7 8 9 10 11 12 10 14 15 16 17 18 19
4 5 6 7 8 9 10 11 12 13 10 11 5 17
4 5 6 7 8 9
4 5 6 7 7 9
4 5 6 7 8 9 10 11 12 13 14 15
4 5 6
4 5 6 7
4 5 6 7 8 9 10 11 12
4 5 6 7 8 9 10
4 5 6 7 8
4 5 6 7 8 9 10 11 10
4 5 6 7 8
4 5 6
4 5 6 7 8 5 10 11
4 5 6 7 8 9 10 11 12 13 14 15 16 17 18 19
4 5 5 7 8 9 10 11 12
4 5 6 7 8 9
4 5 6 7
4 5 6 7 8 9 10 11 5 13 14 15 16
4 5 5 7 8
4 5 5 7
4 5 6 7 8 9 10 8 5 13 14 15 16
4 5 5 7
4 5 6 7 8 9 10 11 12 13
4 5 6 7 8
4 5 6
4 5 6 7 8 9 10
4 5 6 7 8 9
4 5 6 7
4 5 6 7 8 9 10 11 12 13 14 15 16 17 18 19 20 21 22 12 12 13 26 27 28 29
4 5 6 7 8 9
4 5 6 7
4 5 6 7 8 9 10 11 12
4 5 6 7 6 9 10 11 12 13 14 15 16 14 18 19 20
4 5 6 7 8 9 10 11
4 5 6 7 8 9 10 11 12 13 14 15 13 17
4 5 6 7 8
4 5 5 7 8 9
4 5 5 7 8 9 10 11
4 5 6 7 8 9 10 11 12 13 14 15 16 17 18
4 5 6
4 5 6 7 8 9 10 11 12 13 14
4 5 6 7 8 9 7 11 12
4 5 6 7 8 6 10 11
4 5 6 7 8 9 10
4 5
4 5 6 7 8 9 10 11 12 7
4 5 6 7 8
4 5 6 7 8 9
4 5 6 7 8 9 10 11
4 5 6 7 8 9 10 11
4 5 6 7 8 9 10 11 12 11
4 5 6 7 8 9 10 11 12
4 5 6 7 8 5 10
4 5 6 7 8 9 10
4 5 6 7
4 5 6 7 8 9
4 5 6 7 8 9 10 11 12 13 14 15
4 5 6 7 8
4 5 6 7 6 9 10 11 5 13 14
4 5 6 7
4 5 6 7 8 9 10
4 5 6 7 8 9 10 11 12 13 14
4 5 5 7 8 9 10 11 12
4 5 6 7 8 9 10 11 12 13 14 11 16 12 18 19 6 21 22
4 5 6 7 8 9
4 5 6 7 8 9 10
4 5 6 7 8 9 10 11 12 13 5 15 16 17
4 5 6 7 8 9 6 11 12 13 14 15 16
4 5 6 7 8 9 10 11
4 5 6 5 8 9
4 5 6 7 7 9 10 10 10
4 5 6 7 8 9 10 11 10 13 14 15 16 17 18 18 20
4 5 6 7 8 9
4 5 6 7 8 9 10 11
4 5 6
4 5 6 7
4 5 6 7 8 9 7 11 5 13
4 5 6 7 8 9 10
4 5 6 7 8 9
4 5 6 7 8
4 5 6 7 8 9 10 11 12 13 8 15 10 17 18
4 5 6 7 8 9 10 11 12 13 14 15 16 17 18 19 9 21 15 23 24 25
4 5 6 7 8
4 5 6 7 8 9 10 11 12
4 5
4 5 6 7 6 9
4 5 6
4 5 6 7 8 9 10 11 12 13 10 15 16 10 18 19 20 21
4 5 6 7 8
4 5 6 7 8
4 5 6 7
4 5 6 7 8 9 10 11 5 13
4 5 6 7 8 9 10 11 12
4 5 6 7 8
4 5 6 5
4 5 6 7 5 9 10 11 12 13 14
4 5 6 7 8 9 10
4 5 6 7 8 9 10 5 6 13 14 8 16 17 18 19 19 21
4 5 6 7 8 9 10 11
4 5 6 7 8 9 10 11 12 13 14 15 8 17
4 5 6
4 5 6 7 8 9
4 5 6 7 8 9 7 11
4 5 6 7 8 9
4 5 6 7 8 9 9 11 12 13
4 5 5 7 8 7 10 11 12 13 14 15
4 5 6 7 8 9 10
4 5 6 7 8 9 10 11 12 13
4 5 6 7 8 9 10
4 5 6 7 8 9 10 11 10
4 5 6 7 8 9 10 11 12 13
4 5 6 7 8
4 5 6 7 8 9 9 11 9 8 14 15 16 15 18 19 20 21
4 5 6 7
4 5 6 7 8 9 10 11
4 5 6 7 8 9 10 11 12
4 5 6 7 8 6 10 8 12 12 14 15
4 5 6 7 8 7 10 11 12 13 14 15 16 17 18
4 5 6 7 8 9
4 5 6 7 8
4 5 6 7 8 9 10 11
4 5 5 7 8 9 10
4 5 5 7
4 5 6 7 8
4 5 6 7 8 9 10
4 5 6 7
4 5 6 7 8 9 10 11 12 13
4 5 6 7
4 5 6 7 8 9 10 11 12 13 7 5 16 17 18
4 5 6
4 5 6 7 8 9 10 11
4 5 6 7 8 9 6 11 12 13
4 5 5 7 8
4 5 5 7 8
4 5 6 7 8 9
4 5 6 7 8 9 10 11 12 13 11 15
4 5 6 7 8 9 8 11 12 13 14 15
4 5 6 7 8 9 10 11
4 5 6 7 8 9 7 11 9 13 14 15 16
4 5 6 7 8 9 10 11 12 13 14 15 16 17 18 19 20 21
4 5 6 7
4 5 6 7 8 9 10 11 12 5 14
4 5 5 7 8 9 10 11 12 13
4 5 6 7 8 9 10 6 7
4 5 6 7 8 9 6 11 7 5 14 6 16
4 5 6 7 8
