4 5 145 142 34 16 16 16 133 26 112 136 51 65 66 117 55 123 35 113 67 75 64 65 66 41 54 55 35 35 54 55 54 55 35 36 113 54 55 35 113 67 75 98 52 100 41 54 55 54 55 35 36 63 119 62 119 120 63 134 112 28 138 14 133 26 112 136 138 14 133 26 112 136 51 65 66 117 55 54
4 5 6 137 11 12 27 84 64 59 60 114 112 62 133 85 87 68 32 90 94 101 88 32 90 94 95 96 106 110 106 110 106 20 95 96 50 105 17 17 17 117 117 41 97 81 100 101 88 14 90 122 78 78 81 100 35 43 43 35 43 35 56 35 43 43 35 43 35 56 107 119 49 128 114 110 106 110 111 110
4 5 34 28 29 34 24 6 29 24 24 6 8 11 15 20 13 20 18 16 20 15 21 20 21 20 21 30 30 30 29 32 30 34
4 117 118 121 120 121 5 6 95 27 18 104 105 106 107 100 102 103 104 105 106 107 100 102 103 22 23 29 30 31 32 80 52 53 35 36 37 38 39 40 41 42 87 20 21 22 28 29 30 43 32 80 52 53 35 36 37 38 39 40 41 42 87 20 21 22 28 29 30 43 32 80 52 53 35 36 37 38 39 40
4 5 58 57 8 9 19 30 14 15 15 15 16 16 16 16 16 16 15 15 15 15 15 15 15 16 18 29 37 27 9 19 20 27 21 22 49 23 24 24 26 27 28 28 42 41 44 21 46 47 47 23 24 24 26 27 28 28 42 43 44 21 46 47 47 23 24 24 25 26 27 28 28 42 41 44 21 46 47 47
4 5 6 13 72 73 73 74 72 73 73 74 72 73 73 74 72 73 73 74 72 73 74 73 74 73 73 74 73 73 74 72 73 73 74 72 73 74 73 74 73 73 74 73 73 74 72 73 73 74 72 73 74 73 74 73 73 74 73 73 74 72 73 73 74 72 73 74 73 74 73 73 74 73 73 74 72 73 73 74
4 5 31 8 19 18 20 14 16 15 20 21 23 22 23 24 25 25 25 25 29 25 31 31 19 10 18 14 16 15 20 20 21 23 22 23 24 25 25 25 7 29 25 6
4 5 241 7 232 233 121 32 33 143 190 187 125 63 157 160 161 162 162 131 14 15 234 232 233 121 32 20 143 124 125 63 157 149 160 161 162 162 57 15 120 232 234 232 233 121 32 20 143 124 125 63 157 149 160 161 162 162 57 15 120 232 234 232 233 121 32 33 143 187 125 63 157 149 160 161 162 162 57 15
4 5 84 80 8 9 25 35 23 25 35 23 24 27 27 28 29 31 30 33 35 24 25 27 28 29 31 31 33 34 25 35 23 24 35 23 25 27 27 28 29 31 31 33 34 25 35 23 24 35 23 25 27 27 28 29 31 31 33 34 25 35 23 24 35 23 25 27 27 28 29 31 31 33 34 25 35 23 24 35
4 5 52 9 8 8 40 41 10 11 12 16 17 17 17 18 26 23 24 31 28 29 30 40 41 24 43 44 34 16 17 17 18 46 46 46 25 50 46 6
4 5 6 65 54 71 48 48 48 48 48 48 48 48 48 48 48 48 48 46 59 58 59 14 52 16 21 22 23 23 22 23 22 23 22 23 22 23 22 23 22 23 22 23 22 23 22 23 22 23 22 23 22 23 22 23 22 23 22 23 22 23 22 23 22 23 22 23 22 23 22 23 22 23 22 23 22 23 22 23
4 5 6 20 99 45 50 51 63 66 16 15 49 45 50 51 63 16 66 49 95 94 43 62 29 72 103 81 53 77 78 56 73 73 73 73 73 73 106 31 106 81 53 77 90 78 56 106 81 82 82 76 60 59 60 25 78 56 106 31 106 81 82 76 75 72 103 81 104 105 41 41 7 50 84 85 23 88 34 19
4 5 53 52 7 6 30 37 11 19 20 26 13 35 36 10 18 19 21 21 23 23 22 46 46 8 36 31 11 19 20 26 26 26 13 28 28 46 36 10 38 19 20 26 26 26 46 8 8 49 7 51 8 53
4 5 114 107 8 84 10 11 12 13 14 15 81 17 18 19 96 49 22 23 67 25 26 27 28 43 17 31 32 33 34 35 36 37 38 39 40 41 42 43 30 45 46 47 48 49 50 51 78 59 53 61 55 56 57 58 78 59 60 69 70 71 33 34 35 36 37 38 39 40 41 42 43 30 45 46 47 48 49 50
4 5 225 219 29 136 190 32 8 25 26 27 38 36 78 75 76 75 77 78 38 43 105 106 131 107 111 108 110 111 62 61 62 35 127 38 78 36 71 69 70 71 76 75 77 33 216 163 89 153 154 154 151 213 89 196 93 159 208 167 168 177 177 201 202 170 169 82 82 149 82 82 82 82 169 170 169 170 169 170
4 5 113 107 8 9 10 11 12 13 14 15 81 30 18 19 96 50 22 23 68 69 92 27 28 45 45 32 33 34 35 36 37 38 39 40 41 42 43 31 46 47 48 49 50 7 52 53 54 62 56 57 58 59 60 61 62 63 64 65 66 67 24 69 70 71 72 73 79 75 76 77 78 60 80 81 82 83 9 85
4 5 16 10 9 16 7 9 7 9 8 8 8 8 7 14 8 16 16 15 5 16 15 9 16 7 9 7 9 8 8 8 7 14 8 16
4 5 6 197 193 193 193 193 193 192 193 193 192 193 193 193 192 193 193 193 192 193 193 193 192 193 193 193 192 193 193 193 192 193 193 193 192 193 193 193 192 193 193 193 192 193 193 193 192 193 193 193 192 193 193 193 192 193 193 193 192 193 193 193 192 193 193 193 192 193 193 193 192 193 193 193 192 193 193 193
4 5 47 7 73 23 8 23 48 51 49 52 55 55 56 57 58 60 60 58 57 58 60 60 58 57 58 60 60 60 58 57 58 60 60 58 57 58 60 60 58 57 58 60 60 58 57 58 60 60 58 57 58 60 60 58 57 58 60 60 58 57 58 60 60 58 57 58 60 60 58 57 58 60 60 58 57 58 60 60
4 5 6 139 10 9 11 348 340 10 285 17 18 77 78 18 22 13 348 340 348 9 11 348 9 11 348 9 206 207 143 31 148 43 45 161 36 162 163 244 351 71 351 109 334 189 266 317 67 258 353 183 359 185 183 353 183 359 126 126 126 126 125 213 214 304 221 88 134 135 84 294 297 285 224 285 17 18 78 128
4 5 6 92 9 9 77 86 86 86 86 86 86 86 86 86 62 62 62 62 63 64 10 77 9 93 11 11 8 95 11 97 6 88 89 70 9 9 77 9 11 9 9 11 6
4 5 207 204 9 52 53 72 55 56 57 59 58 61 62 67 68 69 70 89 89 69 70 68 116 63 114 165 37 97 98 37 97 142 145 40 104 146 151 108 18 19 113 155 156 156 157 157 159 159 160 161 166 167 167 194 195 196 42 198 137 138 139 140 122 141 182 163 163 176 176 164 165 176 146 163 176 182 183 194
4 5 142 7 8 8 13 140 139 165 111 114 89 114 50 68 154 154 89 89 38 101 80 79 30 80 98 52 98 35 36 102 105 37 114 89 114 50 125 50 68 107 156 154 154 114 89 89 154 154 114 89 38 101 35 36 102 105 104 104 165 93 20 19 21 115 123 120 46 50 158 163 52 140 139 23 24 15 16 18
4 5 6 22 21 42 42 9 38 18 43 45 43 16 18 19 58 25 26 28 38 18 43 45 43 16 18 19 58 25 63 66 61 32 63 66 74 38 38 18 43 45 43 16 18 19 58 25 26 28 38 18 43 45 43 16 18 19 58 25 26 28 38 18 43 45 43 16 18 19 58 36 26 28 38 18 43 45 43 16
4 5 6 13 8 14 21 22 23 24 27 8 8 15 16 8 8 7 15 16 15 16 8 8 13 15 16 15 16 8 8 13 15 16 15 16 8 8 13 15 16 15 16 8 8 13 15 16 15 16 8 8 13 15 16 15 16 8 8 13 15 16 15 16 8 8 13 15 16 15 16 8 8 13 15 16 15 16 8 8
4 5 176 119 10 107 12 103 92 93 79 80 84 78 89 89 158 89 89 167 167 158 89 89 167 167 167 158 89 89 167 43 149 60 61 151 66 120 120 66 16 96 21 130 96 97 106 27 108 69 69 51 52 154 154 154 154 154 154 154 154 154 154 154 154 154 154 154 154 154 154 154 154 154 154 154 154 154 154 154
4 5 126 53 45 52 85 22 23 28 29 30 43 16 16 76 71 72 87 88 65 96 96 23 81 85 71 87 88 87 88 65 91 22 23 28 29 30 43 32 33 34 35 87 37 38 39 40 41 42 55 51 97 78 19 21 81 85 109 30 38 92 112 88 91 91 22 23 109 70 71 72 73 74 75 100 101 105 106 107
4 5 158 7 32 33 34 68 46 112 65 66 34 35 141 46 137 18 19 17 99 104 104 99 104 144 107 107 107 136 136 138 139 138 137 137 138 139 112 138 139 137 143 142 95 113 114 113 114 94 80 87 87 127 127 127 127 62 56 56 62 56 62 56 62 56 62 56 62 56 62 56 62 56 62 56 62 56 62 56
4 5 6 70 36 46 60 39 53 57 57 17 13 54 54 19 37 60 39 57 53 57 52 54 54 9 43 12 12 12 12 12 12 12 49 12 12 12 49 59 38 61 55 67 55 10 31 31 32 31 12 12 12 12 12 49 12 12 49 12 12 12 49 59 38 61 55 67 55 10 31 31 32 31 12 12 12 12 12 49
4 5 6 7 10 248 252 10 252 10 252 10 252 180 49 50 37 40 210 91 24 45 26 44 157 90 19 238 90 69 238 71 92 41 42 43 214 188 35 210 91 24 45 26 44 47 184 80 158 26 85 87 87 112 93 92 100 128 263 149 55 118 109 196 195 156 109 153 154 156 113 170 178 183 183 183 169 268 183 270
4 5 6 7 47 42 51 64 94 119 33 33 28 38 38 28 38 132 132 33 28 38 38 28 38 132 132 33 138 47 24 8 10 10 44 42 17 88 20 21 21 26 44 131 115 31 36 94 71 71 26 24 131 131 44 42 17 21 21 26 44 131 115 31 36 94 71 71 26 24 131 131 44 42 17 21 21 26 44 131
4 5 6 50 17 20 90 22 24 25 27 28 29 30 52 32 52 76 52 78 72 79 88 45 80 81 82 83 84 83 84 46 44 43 46 38 95 97 96 97 95 97 96 86 93 100 101 101 101 10 10 10 7 106 63 6
4 5 6 178 143 143 173 173 147 124 152 124 18 147 124 20 124 152 17 173 137 124 105 124 152 17 173 137 124 105 124 152 17 173 137 124 105 124 152 17 173 137 124 105 124 152 17 173 137 124 105 124 152 17 173 137 124 105 124 152 17 173 137 124 105 124 152 17 173 137 124 105 124 152 17 173 137 124 105 124
4 5 116 62 36 26 31 23 30 33 35 35 108 109 33 106 42 108 109 46 49 31 41 41 73 74 64 18 15 73 74 64 12 15 91 70 90 91 13 91 94 94 94 94 87 78 71 79 77 58 79 53 96 64 44 16 16 19 19 20 19 19 20 19 16 19 19 20 19 19 20 16 19 19 20 19 19 20 16 19
4 5 6 83 12 12 22 52 25 25 22 52 35 33 26 27 26 37 87 59 56 60 15 56 53 31 21 41 70 67 64 65 69 70 67 68 67 68 67 16 16 16 16 16 16 16 16 16 16 16 16 16 16 16 16 16 16 16 16 16 16 16 16 16 16 16 16 16 16 16 16 16 16 16 16 16 16 16 16 16
4 5 88 83 23 49 25 26 27 77 49 59 24 25 26 27 77 69 70 12 12 12 14 15 27 77 69 56 55 76 19 67 54 53 34 35 38 38 38 13 12 12 64 31 32 10 17 18 19 13 13 12 12 12 12 12 14 15 27 11 44 8 9 22 17 76 19 67 54 53 71 71 54 71 71 54 71 71 54 71
4 5 78 7 61 61 68 67 70 69 70 37 65 14 15 48 21 48 57 37 65 14 15 21 48 57 37 13 70 69 67 68 24 37 65 14 15 48 21 37 13 68 67 70 69 70 37 42 39 44 46 41 19 20 49 17 20 49 49 17 68 67 69 70 69 70 67 45 46 45 28 27 27 29 14 15 64 57 57 57
4 5 6 109 9 13 43 15 16 17 21 21 97 21 31 32 62 99 51 79 93 73 95 97 98 96 97 73 31 32 89 51 79 93 73 95 97 98 96 98 94 97 95 97 73 31 32 33 37 79 102 103 103 81 82 82 82 11 95 76 73 95 97 98 96 98 73 97 95 97 98 96 98 94 76 103 103 81 82 82
4 5 257 15 9 171 172 34 91 176 91 34 233 173 247 174 214 102 228 122 122 228 122 233 173 247 174 214 102 228 122 122 228 122 233 173 247 174 214 102 228 122 122 228 122 233 173 247 174 214 102 228 122 122 228 122 233 173 247 174 214 102 228 122 122 228 122 233 173 247 174 214 102 228 122 122 228 122 233 173
4 5 6 7 50 50 8 24 32 14 15 43 45 10 44 37 17 45 23 44 37 43 27 23 44 37 43 45 23 44 37 43 45 23 44 37 43 45 23 44 37 43 45 23 44 37 43 45 23 44 37 43 45 23 44 37 43 45 23 44 37 43 45 23 44 37 43 45 23 44 37 43 45 23 44 37 43 45 10 44
4 5 6 137 51 51 134 134 134 134 134 134 134 134 134 134 134 134 134 134 134 134 134 134 134 134 134 134 134 134 134 134 134 134 134 134 134 134 134 134 134 134 134 134 134 134 134 134 134 134 134 134 134 134 134 134 134 134 134 134 134 134 134 134 134 134 134 134 134 134 134 134 134 134 134 134 134 134 134 134
4 5 6 21 8 39 38 39 38 37 46 46 46 46 46 46 46 46 46 46 46 46 46 46 46 46 46 46 46 46 46 46 46 46 46 46 46 46 46 46 46 46 46 46 46 46 46 46 46 46 46 46 46 46 46 46 46 46 46 46 46 46 46 46 46 46 46 46 46 46 46 46 46 46 46 46 46 46 46 46
4 5 6 60 8 9 9 9 9 9 9 9 9 9 9 9 9 9 9 9 9 9 9 9 9 9 9 9 9 9 9 9 9 9 9 9 9 9 9 9 9 9 9 9 9 9 9 9 9 9 9 9 9 9 9 9 9 9 9 9 9 9 9 9 9 9 9 9 9 9 9 9 9 9 9 9 9 9 9 9
4 5 6 8 15 16 11 49 58 59 48 44 45 49 20 15 14 14 14 14 14 16 19 20 15 16 11 58 59 48 47 34 37 39 40 41 19 20 15 16 11 49 36 53 48 47 48 45 49 58 59 48 34 37 39 40 41 19 20 15 16 11 49 36 53 48 44 48 45 49 58 59 48 34 37 39 40 41 17 38
4 5 6 7 189 56 211 212 207 208 209 211 212 212 207 208 209 210 211 212 212 207 208 209 210 211 212 212 207 208 209 210 211 212 212 207 208 209 210 211 212 212 207 208 209 210 211 212 212 207 208 209 210 211 212 212 207 208 209 210 211 212 212 207 208 209 210 211 212 212 207 208 209 210 211 212 212 207 208 209
4 5 6 228 27 28 28 27 27 28 28 27 27 28 27 27 28 27 27 28 27 27 28 27 27 28 27 27 28 27 27 28 27 27 28 27 27 28 27 27 28 27 27 28 27 27 28 27 27 28 27 27 28 27 27 28 27 27 28 27 27 28 27 27 28 27 27 28 27 27 28 27 27 28 27 27 28 27 27 28
4 5 6 74 61 33 63 62 63 65 65 41 65 49 46 47 13 60 60 48 57 60 13 46 47 13 60 60 48 57 60 13 46 47 13 60 60 48 57 60 13 46 47 13 60 60 48 57 60 13 46 47 13 60 60 60 13 57 60 48 57 60 13 46 47 13 60 60 60 13 57 60 48 57 60 13 46 47 13 60
4 5 316 7 269 270 51 273 70 71 72 45 46 115 59 60 63 26 65 66 64 123 122 129 124 126 127 140 140 141 141 229 218 212 198 199 200 201 202 203 205 206 207 207 208 213 237 261 233 234 224 239 239 235 248 237 248 239 233 234 224 239 239 235 248 237 248 239 233 234 224 239 239 235 248 237 248 239 233 234
4 5 333 7 11 9 10 12 12 54 55 16 17 18 102 23 33 166 19 19 21 19 19 268 274 259 276 224 180 59 180 147 254 149 151 192 210 211 212 192 192 195 196 197 196 196 196 197 232 233 66 67 67 67 45 45 45 46 324 45 326 326 326 326 326 326 326 326 326 326 326 326 326 326 44 12 12 12 54 88
4 5 294 280 234 9 235 84 85 85 234 235 97 98 234 9 101 102 88 89 241 105 64 109 111 113 112 114 115 116 247 248 146 147 148 206 133 134 135 135 135 136 136 140 139 140 141 142 138 139 140 141 142 221 222 223 224 260 103 262 263 264 265 267 268 269 270 272 274 274 276 274 274 276 277 278 279 43 44 45
4 5 6 72 8 9 10 11 11 68 69 14 26 27 28 29 70 71 38 34 40 36 37 38 39 40 41 48 49 61 19 20 18 19 37 38 39 40 41 48 49 61 19 20 18 19 37 38 39 40 41 48 49 61 19 20 18 19 37 38 39 40 41 48 49 61 19 20 18 19 37 38 39 40 36 48 49 61 19 20
4 5 137 133 8 9 73 11 12 13 14 14 15 129 129 8 15 59 59 59 59 88 110 111 112 86 87 50 22 90 91 92 94 49 31 32 33 36 36 38 93 38 93 42 43 95 44 42 43 95 95 59 66 87 50 87 50 87 82 81 82 9 77 78 79 80 77 78 79 80 77 78 79 80 77 78 79 80 77 78
4 5 57 51 50 50 35 36 11 47 20 20 21 22 23 35 36 26 27 28 29 29 33 34 24 36 20 47 38 39 40 39 40 38 18 17 17 16 16 15 16 12 37 19 8 17 16 15 16 12 37 8 14 16 15 16 12 8 37 19 15 16 12 12 37 19 8 14 16 15 16 12 37 8 14 16 15 16 12 8
4 5 6 11 9 15 10 5 6 8 9 15 10 10 10 10 9 13 10 6 15 8 5 6 8 9 15 10 10 10 10 9 13 10 6
4 5 6 33 8 246 20 21 77 21 131 247 183 194 46 236 32 36 40 238 39 40 245 242 242 242 242 251 20 21 77 78 68 47 71 72 120 73 120 74 81 81 82 10 11 9 11 10 11 11 10 11 9 11 10 11 12 224 229 224 142 231 231 227 228 229 224 229 236 39 40 39 40 245 251 20 21 77 21 77
4 5 6 8 10 22 9 21 22 9 14 87 88 88 89 70 70 91 72 73 73 72 78 91 72 65 73 78 79 87 88 89 70 70 91 72 73 73 78 91 72 65 12 87 88 88 89 70 70 49 73 73 73 72 45 49 49 45 65 65 15 87 88 88 89 70 70 49 73 73 75 15 77 88 89 70 70 49 68 65
4 5 6 53 8 9 11 12 13 14 14 15 17 32 33 39 14 14 15 17 32 19 39 14 14 15 17 32 19 39 27 9 56 50 51 31 30 50 51 37 37 37 40 41 42 43 46 47 47 22 23 23 24 25 37 37 37 40 41 30 37 37 37 37 37 37 37 37 37 37 37 37 37 37 37 37 37 37 37 37
4 5 6 50 51 52 103 60 32 125 83 75 128 129 91 90 93 170 92 147 61 113 80 132 131 96 83 128 75 129 91 90 168 65 176 152 156 181 181 181 195 224 89 41 115 125 83 75 128 129 91 90 168 92 147 61 113 80 132 131 96 83 128 75 129 91 90 170 92 147 61 113 80 132 131 96 83 128 75 129
4 5 273 272 100 100 227 182 227 250 241 83 237 124 223 60 226 200 251 251 232 114 114 114 114 114 114 114 114 114 114 114 114 114 114 114 114 114 114 114 114 114 114 114 114 114 114 114 114 114 114 114 114 114 114 114 114 114 114 114 114 114 114 114 114 114 114 114 114 114 114 114 114 114 114 114 114 114 114 114
4 5 284 8 238 238 238 223 63 247 248 15 262 139 262 113 248 15 268 12 89 127 167 205 206 20 167 205 206 20 167 266 205 206 20 167 266 205 206 20 167 266 205 206 20 167 266 205 206 20 167 266 205 206 20 167 266 205 206 20 167 266 205 206 20 167 266 205 206 20 167 266 205 206 20 167 266 205 206 20
4 5 6 60 25 25 17 17 20 17 17 17 13 13 13 22 19 18 19 18 19 26 26 17 17 17 13 12 10 10 18 19 19 18 26 26 26 17 17 13 13 12 10 10 19 19 26 26 26 26 17 17 13 12 10 18 19 19 26 26 26 26 17 17 13 12 10 18 19 19 26 26 26 26 17 17 13 13 12 10
4 5 229 7 51 52 102 60 105 105 105 147 139 141 139 141 139 173 149 23 66 65 149 153 178 178 178 192 193 86 75 127 128 90 164 92 167 91 146 61 112 64 131 130 95 83 127 75 128 90 21 167 165 100 101 102 104 124 146 98 78 98 78 153 90 89 166 165 21 92 128 140 128 143 141 139 141 139 141 149
4 5 40 36 7 8 9 10 11 16 16 17 18 19 21 21 30 21 30 25 8 9 10 23 16 16 18 19 21 21 30 21 30 25 8 9 10 23 16 16 18 19 21 21 30 21 30 25 8 9 10 23 16 16 18 19 21 21 30 21 30 25 8 9 10 23 16 16 18 19 21 21 30 21 30 25 8 9 10 23
4 5 176 72 65 81 85 82 137 138 139 65 66 67 69 53 115 116 79 110 112 112 112 112 110 115 116 79 118 119 91 92 93 121 122 123 124 124 125 126 79 110 113 168 69 115 116 79 110 113 129 167 168 161 162 14 50 43 44 55 46 47 48 147 148 61 64 64 66 67 68 69 23 24 25 32 30 31 32 33
4 5 6 8 21 100 100 14 14 14 14 97 102 103 22 103 22 103 22 103 22 103 22 103 22 103 22 103 22 103 22 103 22 103 22 103 22 103 22 103 22 103 22 103 22 103 22 103 22 103 22 103 22 103 22 103 22 103 22 103 22 103 22 103 22 103 22 103 22 103 22 103 22 103 22 103 22 103 22 103
4 5 6 22 8 10 11 12 38 15 14 15 16 16 19 17 18 19 13 14 15 15 16 16 18 19 17 21 21 10 11 12 43 27 26 27 26 51 49 50 52 54 54 55 64 64 18 61 18 19 17 64 64 64 64 18 19 61 18 40 15 36 36 16 16 19 17 64 64 64 64 18 19 61 18 40 15 36 36 16
4 5 66 108 69 14 12 75 83 84 85 86 17 16 87 34 102 103 104 105 106 107 108 109 108 109 8 8 8 8 8 8 8 8 8 8 8 7 7 44 36 69 14 18 75 71 72 73 74 11 13 83 76 77 78 79 80 81 82 83 84 85 86 87 88 9 21 89 90 91 23 93 93 94 95 96 41 98 99 100
4 5 130 127 116 9 81 12 95 96 100 100 100 100 100 100 100 100 100 108 87 60 9 32 12 103 14 20 15 16 17 16 37 14 14 14 14 14 16 15 22 24 50 48 24 48 48 24 48 48 24 48 48 24 48 48 24 25 25 78 79 40 107 76 114 68 76 123 40 126 125 125 124 128 125 6
4 5 71 65 8 6 9 62 11 15 14 17 41 17 41 17 64 28 17 41 17 46 44 50 23 10 63 22 28 28 15 29 18 40 44 50 10 63 21 20 21 20 21 59 18 30 54 31 54 30 54 31 54 31 54 31 54 31 54 31 54 31 54 31 54 31 54 31 54 31 54 30 54 31 19 50 23 62 63 22
4 5 141 14 101 20 10 10 10 10 10 41 10 61 61 59 26 125 28 59 26 125 28 59 83 84 84 83 47 41 124 41 10 85 59 59 61 59 61 82 83 47 84 64 64 64 56 85 52 88 87 89 29 29 116 135 35 35 7 139 35 141
4 5 6 7 8 86 10 11 12 13 14 15 16 30 18 19 20 120 111 10 11 12 13 14 15 16 30 18 19 20 120 111 10 11 12 13 14 15 16 30 18 19 20 120 111 10 11 12 13 14 15 16 30 18 19 20 120 111 10 11 12 13 14 15 16 30 18 19 20 120 111 10 11 12 13 14 15 16 17 18
4 5 6 7 23 10 11 28 28 56 7 11 28 28 7 31 47 33 77 43 77 31 47 33 129 100 102 101 97 97 139 55 46 123 48 110 110 110 110 136 112 136 112 37 106 107 56 18 11 28 107 56 143 143 143 7 147 143 6
4 119 104 118 76 141 159 201 167 170 145 148 149 151 90 23 23 158 211 209 209 191 192 193 192 193 192 193 33 215 216 165 217 237 237 222 223 87 128 137 205 168 225 102 229 229 228 228 229 148 149 27 27 90 22 23 23 158 175 227 227 87 130 137 205 193 192 193 221 6 249 240 249 249 237 200 162 222 223 94
4 5 70 32 61 27 18 8 16 17 18 19 27 18 63 27 8 9 10 12 12 16 17 18 19 27 18 8 9 10 12 12 12 61 27 8 16 17 18 19 27 18 63 27 8 9 10 12 12 16 17 18 19 27 18 8 9 10 12 12 12 61 27 8 16 17 18 19 27 18 63 27 8 9 10 12 12 16 17 18
4 5 6 49 12 15 16 19 21 22 23 37 14 15 16 21 22 23 24 25 26 27 28 30 33 34 35 36 27 28 30 33 34 32 33 18 41 39 17 17 16 40 19 24 25 26 27 28 30 33 34 43 35 36 27 28 30 33 34 43 18 41 39 17 17 16 40 19 24 25 26 27 28 30 33 34 43 35 36 27
4 5 57 47 11 32 46 46 11 10 16 13 18 30 32 30 30 30 30 30 30 30 30 30 30 30 30 30 30 30 30 30 30 30 30 30 30 30 30 30 30 30 30 30 30 30 30 30 30 30 30 30 30 30 30 30 30 30 30 30 30 30 30 30 30 30 30 30 30 30 30 30 30 30 30 30 30 30 30 30
4 5 6 29 63 66 63 63 66 63 66 63 66 63 64 17 18 87 37 71 42 42 15 16 78 79 61 46 71 81 81 16 46 87 37 71 42 42 42 16 25 46 41 81 81 16 46 23 49 61 46 23 79 83 46 23 79 83 46 23 79 83 46 23 79 83 46 23 79 83 46 23 79 83 46 23 79 83 46 23
4 5 7 52 9 23 12 11 11 10 40 33 31 40 33 67 68 12 11 7 14 36 20 29 31 34 40 33 67 68 12 11 7 14 36 28 29 31 34 81 33 67 68 12 11 7 14 36 37 29 31 34 81 33 67 68 12 11 7 14 36 20 29 31 34 81 33 67 68 12 11 7 14 36 20 29 31 34 40 33
4 5 6 236 91 21 11 12 12 12 10 11 12 12 13 81 15 15 51 64 65 72 55 56 33 58 59 59 54 219 216 39 21 76 76 12 12 13 81 15 15 180 139 46 198 108 199 202 231 225 222 209 141 214 219 216 220 21 11 12 12 12 10 11 12 76 185 180 139 46 198 108 199 48 224 225 222 209 219 216
4 5 6 27 36 35 8 48 10 39 12 13 14 14 32 22 33 34 25 25 26 14 32 22 33 25 25 25 26 14 32 22 33 25 25 25 26 14 32 22 33 25 25 25 26 14 32 22 33 25 25 25 26 14 32 22 33 25 25 25 26 14 32 22 33 25 25 25 26 14 32 22 33 25 25 25 26 14 32 22
4 5 6 281 11 9 10 12 12 54 55 16 17 18 103 104 33 163 19 19 310 19 19 265 271 256 273 222 177 59 177 144 251 146 147 229 35 143 193 193 194 229 35 143 193 194 229 35 143 193 194 229 35 143 193 194 229 193 193 194 147 193 194 229 35 137 147 193 194 229 193 193 194 147 193 194 229 35 137 147
4 5 6 136 8 8 43 29 16 114 114 16 114 30 45 35 35 33 34 38 26 29 16 114 30 15 35 35 16 114 16 16 114 30 45 35 35 33 34 38 26 29 16 114 30 15 35 35 16 114 16 16 114 30 45 35 35 33 34 38 26 29 16 114 30 15 35 35 16 114 16 16 114 30 45 35 35 33 34 38
4 5 124 7 10 9 10 9 10 9 98 100 12 13 21 15 16 17 18 19 22 23 25 26 27 28 105 100 12 108 97 98 99 77 20 21 81 82 82 82 82 110 82 110 89 90 91 92 93 66 61 62 63 64 65 66 67 68 69 71 72 73 74 75 99 99 76 76 76 8 122 76 6
4 5 6 8 48 49 41 51 67 68 54 17 52 52 52 52 52 67 92 33 138 52 52 52 52 90 15 57 128 137 137 137 137 137 29 24 24 127 65 141 50 143 74 74 74 148 27 118 35 24 24 24 121 121 65 65 121 65 149 70 70 70 137 137 137 137 137 29 24 24 24 127 148 27 118 35 82 82 158 157
4 5 203 198 53 53 160 56 13 9 15 13 15 13 18 38 38 39 40 41 42 43 77 78 79 80 81 82 83 137 35 194 195 53 53 54 72 73 57 58 58 76 77 77 78 79 80 81 82 83 91 80 93 89 83 137 138 139 140 142 143 125 79 146 104 93 94 95 96 97 98 134 135 189 157 158 159 160 56 74
4 5 178 9 110 112 73 112 73 74 110 112 73 73 140 74 75 73 112 73 86 140 66 97 58 167 169 159 159 162 96 169 159 92 12 13 14 45 16 47 14 80 45 84 84 151 146 149 151 146 87 87 88 88 153 22 61 167 169 159 168 168 169 159 159 162 168 169 159 159 168 168 169 159 159 162 168 165 24 167
4 5 126 120 109 9 65 65 27 109 110 109 71 24 80 50 82 30 29 33 114 42 39 37 41 19 79 18 19 79 16 104 19 42 114 80 115 80 115 116 49 50 100 57 36 39 37 36 56 102 51 114 80 115 116 49 50 100 37 36 58 36 93 86 90 85 87 87 85 87 88 36 100 37 36 58 36 78 78 105
4 5 6 57 8 8 18 10 21 24 22 21 22 15 17 52 51 13 51 52 51 13 51 52 23 22 23 22 21 22 15 49 52 51 13 51 52 51 19 53 53 52 19 19 53 20 19 19 19 19 53 52 19 19 53 20 19 19 19 53 52 19 19 53 20 19 19 53 52 19 19 53 20 19 19 19 53 52 19 19
4 5 222 28 197 197 85 148 36 200 94 37 128 84 37 200 85 197 212 213 214 215 10 219 62 63 31 206 103 108 134 49 133 33 72 29 63 31 113 164 130 33 72 18 68 57 76 76 75 76 120 70 71 36 92 46 106 46 134 106 46 134 106 46 134 153 141 55 137 55 146 39 151 159 45 45 45 45 159 45
4 5 6 9 8 9 10 11 203 13 14 16 48 56 57 58 59 37 61 30 31 81 152 79 152 97 152 97 81 152 87 96 142 131 142 120 142 114 198 199 92 126 70 126 124 43 172 177 178 103 134 134 134 193 202 46 48 56 57 58 55 41 61 30 31 81 152 79 152 97 152 97 81 152 167 168 169 132 130 142
4 5 6 157 8 9 38 39 137 51 57 44 45 46 47 37 48 11 50 51 56 57 58 60 61 63 62 63 62 103 104 105 106 107 108 10 110 111 112 113 114 115 69 117 118 119 120 121 122 123 124 16 110 111 112 113 114 115 69 117 118 119 120 121 122 123 124 38 110 111 112 113 114 115 69 117 118 119 120 121
4 5 116 110 52 60 59 60 59 58 65 95 54 9 10 14 103 20 13 25 26 27 28 30 31 11 63 64 94 72 77 78 101 38 39 85 85 85 84 104 99 104 88 102 57 58 65 95 106 107 108 109 20 103 58 51 20 10 25 26 27 28 30 31 61 113 64 94 72 77 78 101 38 39 85 85 85 84 104 99
4 5 6 9 8 10 93 67 33 67 87 87 87 93 103 95 95 17 18 18 77 71 53 41 48 63 63 63 64 65 64 65 64 65 64 65 64 65 64 65 70 58 58 70 70 58 58 70 65 64 65 64 65 64 65 64 65 70 58 58 70 70 58 58 70 65 64 65 64 65 64 65 70 58 58 70 70 58 58 70
4 5 6 9 81 83 85 97 84 115 82 69 63 17 83 85 97 90 88 115 109 114 22 72 50 27 103 19 14 75 78 41 29 34 34 34 34 34 110 107 14 19 14 34 34 34 34 34 55 69 69 63 17 18 33 33 65 65 39 39 95 64 39 39 95 96 33 33 33 65 65 39 39 95 64 39 39 39 107 33
4 5 6 7 9 9 42 41 42 41 42 23 22 23 22 135 9 95 46 47 48 49 12 13 66 67 16 16 79 181 143 178 166 76 77 78 79 181 84 85 86 87 88 89 90 91 171 38 22 23 22 23 22 135 9 95 46 47 48 49 12 13 13 49 50 13 66 67 16 16 71 108 109 96 111 112 114 115 116 118
4 5 6 7 10 10 29 9 31 44 34 35 46 42 73 41 35 35 28 104 14 98 35 28 9 31 44 69 36 42 73 41 35 35 28 104 14 98 35 28 9 31 44 45 46 42 73 41 35 35 28 104 14 98 35 28 9 31 44 45 46 42 73 41 35 35 28 104 14 98 35 28 9 31 44 45 36 42 73 41
4 5 6 69 14 14 9 10 53 24 10 11 24 11 51 51 23 54 53 51 23 24 53 24 51 23 54 53 51 23 24 53 51 51 23 24 53 24 51 23 54 53 51 23 24 53 51 51 23 24 53 24 51 23 54 53 51 23 24 53 51 51 23 24 53 24 51 23 54 53 51 11 54 53 51 51 23 24 53 54
4 5 63 7 8 9 9 9 9 9 9 9 9 9 10 37 38 39 40 22 41 37 38 39 43 38 34 50 43 38 34 50 43 48 16 15 17 25 19 20 27 24 27 37 38 39 50 43 38 34 50 43 38 45 50 43 48 16 15 17 25 19 20 27 24 27 37 38 39 50 43 38 34 50 43 38 34 50 43 48
4 5 11 50 8 8 13 22 23 13 14 13 22 23 13 14 13 23 22 23 13 14 13 23 22 23 13 14 13 23 22 23 13 14 13 23 22 23 13 14 13 23 22 23 13 14 13 23 22 23 13 14 13 23 22 23 13 14 13 23 22 23 13 14 13 23 22 23 13 14 13 23 22 23 13 14 13 23 22 23
4 5 35 92 13 33 25 34 24 23 25 34 23 24 27 27 28 29 30 33 33 33 33 33 33 33 33 33 33 33 33 33 33 33 33 33 33 33 33 33 33 33 33 33 33 33 33 33 33 33 33 33 33 33 33 33 33 33 33 33 33 33 33 33 33 33 33 33 33 33 33 33 33 33 33 33 33 33 33 33
4 5 6 9 8 9 10 183 70 29 18 80 67 75 18 67 68 66 67 68 68 67 95 118 146 99 101 23 24 25 102 26 128 126 101 100 22 149 169 170 89 72 134 59 53 165 92 166 167 53 171 171 36 37 35 37 35 80 82 74 133 134 161 89 171 171 87 156 165 92 166 167 60 171 171 12 95 70 118 119
4 5 6 44 25 31 29 30 30 30 30 30 30 30 30 30 30 30 30 30 30 30 30 30 30 30 30 30 30 30 30 30 30 30 30 30 30 30 30 30 30 30 30 30 30 30 30 30 30 30 30 30 30 30 30 30 30 30 30 30 30 30 30 30 30 30 30 30 30 30 30 30 30 30 30 30 30 30 30 30
4 5 367 237 11 9 10 12 12 54 55 56 17 18 103 23 33 165 19 19 346 19 19 280 286 270 288 87 179 59 352 264 265 148 149 150 191 294 296 35 154 261 28 157 215 80 82 133 84 222 87 179 59 149 195 294 265 148 150 191 209 210 211 191 194 195 196 195 294 201 150 191 209 210 211 191 194 195 196 195
4 5 126 120 11 11 42 106 42 42 106 42 42 106 16 16 16 17 43 17 21 22 93 100 100 106 102 103 103 129 93 136 22 52 74 75 82 73 116 82 73 71 70 72 72 70 71 70 72 116 117 82 73 116 81 108 58 59 20 101 102 23 22 93 100 100 109 102 23 93 136 27 136 52 74 75 71 82 73 116
4 5 113 7 8 84 10 11 12 13 14 15 16 31 18 19 20 50 22 23 24 69 26 27 28 31 30 32 33 34 35 36 37 38 39 40 41 42 43 17 46 47 48 49 21 102 52 79 54 62 56 57 58 59 53 61 62 63 64 65 66 67 24 69 70 71 72 73 60 75 76 77 78 60 80 16 82 83 84 85
4 5 6 53 8 10 12 17 16 17 14 14 15 21 22 24 23 24 18 28 29 30 12 36 34 35 34 36 34 35 34 36 22 18 41 40 40 49 50 51 35 34 36 35 34 36 35 34 48 22 18 41 40 40 18 41 49 50 51 35 34 36 35 34 36 35 34 48 22 18 41 40 40 18 41 49 50 51 35 34
4 5 6 7 24 9 7 24 19 23 34 35 44 45 44 45 31 34 34 30 31 40 40 31 35 44 45 44 45 44 45 31 34 35 34 30 31 40 40 31 35 44 45 44 45 44 45 31 34 35 34 30 31 40 40 31 35 44 45 44 45 44 45 31 34 35 34 30 31 40 40 31 35 44 45 44 45 44 45 31
4 5 6 7 8 9 40 11 26 27 28 15 37 13 14 15 18 16 17 18 23 14 26 25 27 28 29 29 31 10 11 46 35 34 35 34 36 36 36 39 37 38 17 18 16 28 58 13 14 27 28 29 29 31 32 33 46 35 34 35 34 36 36 36 37 36 39 59 17 18 16 58 58 48 48 40 22 42 42 35
4 5 6 109 8 9 10 11 12 13 14 15 80 29 18 19 20 49 22 23 67 68 91 27 28 29 29 31 32 33 34 35 36 37 38 39 40 41 42 17 45 46 47 48 21 7 51 78 53 61 55 56 57 58 52 60 61 62 63 64 65 66 24 25 69 70 71 71 70 71 33 34 35 36 37 38 39 40 41 42
4 5 121 84 91 51 43 53 37 22 63 63 47 47 48 80 48 46 47 48 80 81 46 47 48 80 103 103 103 103 103 71 71 100 96 96 66 8 8 8 7 119 8 121
4 5 41 8 23 25 27 28 27 28 42 43 7 43 7 43 8 8 8 8 8 8 8 8 8 8 8 8 8 8 8 8 8 8 8 8 8 8 8 8 8 8 8 8 43
4 5 6 33 48 54 48 119 95 25 130 119 119 95 28 48 119 22 30 81 46 79 18 141 20 18 17 149 149 145 98 75 86 76 71 148 17 20 18 141 149 149 149 22 84 84 119 95 84 119 95 78 119 95 48 119 95 28 48 119 22 44 81 46 79 18 141 20 18 17 149 149 145 98 75 86 76 71 148 17
4 5 6 63 60 60 12 45 45 53 54 55 57 51 21 47 19 18 28 28 28 28 10 10 10 7 67 10 69 69 60 6 28 28 28 28 28 28 18 31 32 18 28 28 28 7 31 18 28 28 28 10 6
4 5 6 83 42 74 50 50 68 19 69 70 71 72 69 69 19 69 19 69 70 71 72 69 69 19 69 19 69 70 71 72 69 69 19 69 19 69 70 71 16 69 69 19 69 19 69 70 71 72 69 69 19 69 19 69 70 71 72 69 69 19 69 19 69 70 71 72 69 69 19 69 19 69 70 71 16 69 69 19
4 5 121 45 8 8 35 11 64 68 56 69 69 69 69 69 69 69 69 69 69 69 69 69 69 69 69 69 69 69 69 69 69 69 69 69 69 69 69 69 69 69 69 69 69 69 69 69 69 69 69 69 69 69 69 69 69 69 69 69 69 69 69 69 69 69 69 69 69 69 69 69 69 69 69 69 69 69 69 69
4 5 6 7 44 6 39 40 41 42 42 24 24 11 12 11 11 18 28 10 10 10 28 18 28 21 28 18 10 10 11 21 28 18 28 18 10 10 11 21 28 18 28 18 10 10 21 28 18 28 18 10 10 21 28 18 28 21 18 28 21 28 18 10 10 21 28 18 28 21 18 28 21 28 18 10 10 21 28 18
4 5 19 141 92 78 40 109 49 51 29 53 48 40 110 109 49 53 61 78 119 109 49 53 73 94 43 47 62 64 64 69 66 68 66 68 69 70 54 57 42 73 93 107 108 55 106 107 100 62 113 62 113 62 113 62 113 62 114 63 66 66 66 68 68 49 26 26 53 109 49 53 73 119 138 12 13 119 138 138
4 5 6 7 8 84 10 11 12 13 14 15 81 45 18 19 96 50 22 23 68 25 26 27 28 45 45 32 33 34 35 36 37 38 39 40 41 42 43 30 46 47 48 49 50 107 52 60 54 62 56 57 58 59 79 61 62 63 64 65 66 67 68 69 70 71 72 73 79 75 76 77 78 79 80 81 82 83 9 85
4 5 31 30 8 9 10 11 24 12 12 12 12 12 12 24 21 9 10 11 15 16 15 16 15 16 15 16 15 16 15 16 15 16 15 16 15 16 15 16 15 16 15 16 15 16 15 16 15 16 15 16 15 16 15 16 15 16 15 16 15 16 15 16 15 16 15 16 15 16 15 16 15 16 15 16 15 16 15 16
4 5 123 122 8 11 8 11 8 11 39 51 52 42 91 43 42 43 91 43 90 103 90 103 43 42 67 66 109 67 31 36 43 42 43 91 90 103 90 103 43 91 90 103 43 42 64 44 31 67 109 66 65 109 67 66 36 35 11 8 11 7 39 51 41 42 91 43 42 91 43 90 103 43 91 90 103 90 103 64
4 5 125 123 8 22 8 22 8 22 23 24 25 26 96 28 30 33 34 35 36 37 38 37 37 38 37 36 37 38 37 36 37 38 37 36 37 38 37 36 37 38 37 36 37 38 37 36 37 38 37 36 37 38 37 36 37 38 37 36 37 38 37 36 37 38 37 36 37 38 37 36 37 38 37 36 37 38 37 36
4 5 6 185 177 178 97 180 100 177 8 10 15 12 110 108 113 110 25 108 38 37 38 136 10 15 14 25 39 37 38 136 46 170 86 170 39 126 48 128 130 128 130 42 53 141 132 152 27 53 54 55 125 125 127 128 134 53 54 55 125 125 127 128 134 53 141 28 152 27 53 54 55 125 125 127 128 134 53 54
4 5 6 40 9 10 18 11 31 32 32 32 33 32 33 14 14 29 14 14 29 29 14 24 25 16 18 19 21 22 38 15 15 26 26 13 22 38 15 15 15 26 26 37 38 15 15 15 26 26 37 38 15 15 15 26 26 37 38 15 15 15 26 26 37 38 15 15 15 26 26 37 38 15 15 15 26 26 37 38
4 5 203 198 8 8 12 15 161 63 64 168 66 79 117 81 82 30 32 111 107 110 109 88 85 78 70 72 100 98 98 98 98 100 98 98 98 98 100 98 98 98 100 98 98 100 98 98 97 98 100 98 97 98 100 98 97 98 100 98 97 98 100 98 97 98 100 98 97 98 100 98 97 98 100 98 97 98 100 98
4 5 61 58 8 12 16 16 15 16 15 16 15 48 48 45 46 47 48 48 43 43 43 31 31 27 24 30 29 30 30 31 33 20 35 36 37 38 10 40 36 37 38 10 40 36 46 47 48 48 38 10 40 36 46 47 48 48 38 10 40 36 46 47 48 48 38 10 40 36 46 47 48 48 38 10 40 36 46 47
4 5 78 8 10 70 23 23 23 23 23 23 17 17 21 22 11 39 28 70 53 42 34 20 21 22 35 32 33 38 43 43 34 20 42 18 50 49 51 62 62 44 44 44 44 22 66 67 68 27 70 28 69 70 28 39 60 58 52 52 51 49 50 49 51 52 45 46 44 44 22 63 35 32 13 38 38 43 43 34
4 5 6 101 64 65 26 10 71 72 80 80 45 73 45 46 51 13 68 16 49 15 80 80 45 56 69 35 30 21 21 83 83 83 83 83 83 21 21 21 80 80 45 56 51 13 68 16 49 15 80 80 56 69 35 30 83 83 83 83 83 21 21 21 80 80 45 56 51 13 68 16 49 48 80 80 56 69 35 30
4 5 6 86 50 17 74 76 71 69 64 40 41 61 62 44 22 30 58 30 82 49 84 47 24 47 47 73 71 60 69 60 17 74 72 71 69 60 17 74 19 71 69 60 17 74 76 71 69 60 17 74 76 71 69 60 35 74 76 71 69 60 17 74 76 71 69 60 17 74 76 71 69 60 17 74 76 71 69 60
4 25 74 7 8 81 73 62 62 62 47 56 41 47 56 41 58 59 79 79 32 61 61 50 58 58 69 69 69 74 74 27 74 74 8 81 73 37 77 64 78 79 79 32 61 61 50 58 58 79 79 32 61 61 50 58 58 59 60 69 69 69 69 69 69 69 69 69 69 69 69 69 69 69 69 69 69 69 69 69
