4 5 145 141 32 34 20 63 119 134 115 116 117 118 136 121 58 135 122 62 77 8 26 119 120 14 138 14 16 133 26 135 136 51 52 66 117 41 54 55 22 36 37 113 22 56 58 57 64 65 66 117 55 54 55 22 36 37 113 124 102 101 42 54 55 35 36 37 113 124 102 101 42 54 55 35 36 37 113 124
4 5 143 142 11 12 27 10 64 38 38 39 10 87 68 14 33 94 93 101 88 32 70 94 50 95 96 106 110 106 20 95 96 106 110 106 20 95 96 50 110 106 20 95 96 50 110 106 20 95 96 50 110 106 20 95 96 50 110 106 20 95 96 50 110 106 20 95 96 50 110 106 20 95 96 50 110 106 20 95
4 5 34 28 29 6 8 24 20 15 13 9 16 11 10 21 9 21 7 20 10 20 10 13 11 15 16 11 10 21 9 21 8 30 30 29 32 8 34
4 117 118 121 120 121 5 6 124 27 97 46 44 39 31 45 80 34 35 36 37 38 39 31 45 80 34 35 36 37 38 39 31 45 80 34 35 36 37 38 39 43 45 33 34 35 36 37 38 39 31 45 33 34 35 36 37 38 39 43 45 33 34 35 36 37 38 39 31 45 80 34 35 36 37 38 39 31 45 80
4 5 58 57 8 9 8 8 9 8 8 9 15 15 16 17 18 19 37 21 22 49 23 24 24 24 26 27 9 10 28 28 19 30 14 15 15 16 18 19 30 21 22 31 50 51 32 31 40 41 44 42 41 44 46 47 46 47 35 19 20 38 39 40 41 42 41 44 44 46 47 47 46 47 39 40 43 44 42 43
4 5 6 7 67 28 15 22 57 8 10 11 12 84 83 91 30 57 37 18 37 27 41 42 20 50 49 8 69 24 33 73 74 74 55 73 74 88 7 86 72 73 74 88 112 77 56 88 41 42 27 41 42 20 50 49 8 10 80 81 13 28 15 22 68 69 24 33 73 74 88 64 16 100 32 24 33 52 42 27
4 5 31 8 9 10 19 12 16 18 20 20 21 12 15 16 21 23 24 28 28 28 8 29 28 31 31 19 5 6 8 9 10 16 12 15 18 20 21 16 21 23 24 28 28 28 8 29 28 6
4 5 241 7 232 233 234 238 30 121 19 20 143 187 125 190 50 141 142 143 187 125 188 23 157 150 161 159 160 161 162 131 23 157 150 161 159 160 161 162 143 147 187 188 126 127 216 186 110 26 86 61 74 14 15 234 95 233 7 121 32 20 136 87 52 152 155 193 142 104 180 178 161 150 224 71 70 116 95 232
4 5 39 80 9 8 25 35 34 23 24 35 25 31 31 23 24 35 25 31 31 23 24 35 25 31 31 23 24 35 25 31 31 23 24 35 25 31 31 23 24 35 25 31 31 23 24 35 25 31 31 23 24 35 25 31 31 23 24 35 25 31 31 23 24 35 25 31 31 23 24 35 25 31 31 23 24 35 25 31
4 5 52 9 8 8 10 11 12 16 17 18 40 27 24 43 44 34 13 12 11 12 16 17 18 40 27 24 31 28 29 30 29 30 22 41 43 44 34 16 18 40 27 24 28 31 29 30 29 30 42 49 24 43 44 34 11 12 16 17 18 21 22 41 43 11 12 13 14 15 16 17 18 21 22 41 43 44 34 11
4 5 6 67 54 33 9 10 55 58 59 16 44 16 21 22 23 22 23 21 22 23 17 39 62 15 27 28 25 61 26 61 25 44 9 35 55 58 59 16 16 21 22 23 30 15 17 39 43 44 21 22 23 21 22 23 30 15 17 39 43 26 61 25 27 28 61 42 27 28 25 61 26 61 25 28 61 25 26 61
4 5 6 6 7 48 33 10 11 12 13 14 15 16 66 18 19 20 22 87 19 22 87 88 89 90 6 7 48 26 81 82 46 84 38 39 33 52 80 81 82 109 74 75 87 88 89 90 90 78 107 69 13 14 15 16 18 19 20 22 87 19 22 87 88 89 90 6 7 9 62 48 15 39 40 41 42 105 105 106
4 5 53 29 48 6 16 17 32 39 40 41 42 43 44 45 46 49 36 31 32 39 40 41 42 43 44 45 46 49 48 8 7 51 49 53
4 5 114 107 8 9 10 11 12 13 14 15 81 44 18 19 96 49 22 23 24 68 26 27 28 43 29 29 31 32 33 34 35 36 37 38 39 40 41 42 43 44 45 46 47 48 49 110 51 78 73 53 54 55 56 57 58 61 62 63 64 65 66 67 68 69 70 71 72 59 74 75 76 77 78 59 80 81 82 83
4 5 6 7 29 136 190 47 8 86 130 131 77 38 78 79 36 81 158 83 84 85 86 87 88 89 90 158 159 160 161 162 163 164 165 161 162 163 164 165 161 162 151 152 153 154 155 156 157 158 159 160 161 162 163 164 165 161 162 151 198 199 200 201 202 203 204 205 128 181 182 148 193 166 167 168 93 170 171 172
4 5 113 107 8 9 10 11 12 13 14 15 16 17 18 19 96 21 22 23 68 25 92 27 28 45 31 32 33 34 35 36 37 38 39 40 41 42 43 46 47 48 49 50 107 52 74 54 55 56 57 58 59 62 63 64 65 66 67 68 69 70 71 72 73 74 75 76 77 78 60 80 16 82 83 84 85 86 87 88
4 5 16 15 9 7 9 8 8 8 7 14 15 16 15 9 8 8 8 7 14 15 16 15 9 8 8 8 8 14 15 16 15 9
4 5 6 7 194 11 12 10 14 15 9 58 136 126 19 20 21 99 23 24 68 26 27 9 29 17 31 32 33 164 35 36 37 38 39 40 41 42 43 44 45 46 47 48 49 50 51 126 194 193 194 195 7 54 118 56 57 58 59 60 61 114 115 116 117 118 119 120 121 122 123 124 125 126 127 128 129 130 131 132
4 5 47 7 73 23 48 51 49 33 55 55 56 58 60 46 48 62 57 58 57 58 60 46 48 44 26 13 63 54 37 68 52 55 56 57 58 60 31 38 45 46 48 51 49 56 57 58 60 43 60 58 57 58 60 31 38 45 46 48 51 49 57 58 60 46 48 38 31 56 57 58 60 46 48 44 26 13 63 44
4 5 6 367 10 9 11 340 340 341 298 333 134 23 22 13 340 341 298 333 303 304 305 302 87 294 297 100 275 276 137 53 30 158 172 79 80 124 87 192 193 303 304 191 85 86 218 87 302 294 297 100 101 276 137 53 30 158 172 79 80 124 191 192 193 303 304 305 302 87 294 22 297 100 101 102 137 53 29 30
4 5 6 91 77 86 86 86 86 73 86 29 27 75 87 87 87 87 74 82 32 74 72 77 90 11 9 10 91 16 15 23 38 36 42 43 44 28 29 30 29 73 31 29 30 31 73 55 56 57 55 56 57 29 49 50 51 40 88 89 87 87 87 87 89 82 74 72 77 90 91 11 11 8 95 91 6
4 5 207 51 9 9 12 76 26 27 61 62 63 114 104 77 61 62 63 65 84 85 86 87 197 25 46 47 23 50 174 98 96 97 98 145 40 41 146 147 102 39 40 41 108 113 151 113 68 69 70 116 117 68 119 119 162 125 123 157 158 159 162 128 160 161 112 138 195 194 183 181 144 177 194 146 147 179 180 176
4 5 64 12 8 13 8 156 111 114 111 160 154 114 89 38 30 79 80 98 52 101 160 10 22 80 100 102 101 110 88 71 44 46 14 15 66 17 18 20 19 21 115 123 120 44 118 146 59 57 59 60 57 160 104 93 96 66 17 27 38 34 164 30 22 46 123 120 44 118 146 59 57 60 59 60 57 59 60 144
4 5 6 48 21 28 42 9 18 43 45 82 83 84 85 40 45 43 44 81 83 83 84 85 40 45 43 44 81 83 82 83 84 85 40 45 43 44 81 83 82 83 84 85 40 45 43 44 81 83 82 83 84 85 40 45 43 44 81 83 82 83 84 85 40 45 43 44 81 83 82 83 84 85 40 45 43 44 81 83
4 5 6 7 21 22 23 24 13 15 16 8 8 7 17 17 18 21 22 23 24 13 13 27 9 29 7 6 21 22 23 24 13 13 27 9 29 13 6
4 5 6 119 10 107 12 103 64 94 93 58 121 142 14 16 154 159 54 137 53 127 126 73 79 80 78 84 104 121 103 142 158 90 89 167 18 22 141 163 138 30 123 124 112 143 116 35 100 160 106 27 108 32 123 124 143 154 60 61 151 120 63 120 142 128 156 52 112 155 54 91 55 159 81 78 84 104 80 85
4 5 6 7 45 45 76 71 72 87 16 14 15 13 14 71 72 65 87 88 65 91 22 27 28 29 30 43 32 33 34 35 36 37 38 39 40 41 42 43 45 45 47 48 49 50 51 71 54 55 20 58 59 60 61 63 64 65 66 96 18 57 69 70 71 72 73 74 75 76 97 78 24 21 81 126 83 84 60 61
4 5 158 7 32 66 34 35 46 141 111 18 17 44 18 19 65 66 34 35 83 36 8 38 17 18 19 44 45 144 107 136 149 106 86 82 53 94 80 106 83 9 24 38 17 18 19 17 44 99 45 144 89 85 88 89 144 107 136 136 142 54 53 82 86 80 123 80 106 83 9 147 63 149 78 139 138 139 137 142
4 5 74 35 36 37 47 39 53 57 21 19 37 60 39 57 53 40 11 54 54 50 13 31 9 49 12 43 49 12 43 49 12 43 49 12 43 49 12 31 32 32 30 32 32 30 32 13 9 49 12 43 49 12 43 49 12 43 49 12 31 32 32 30 32 32 30 32 13 9 49 12 43 49 12 43 49 59 47 61
4 5 6 7 28 252 15 121 17 123 122 123 124 20 107 108 63 112 113 245 150 151 152 153 154 155 156 157 158 159 160 222 223 224 224 231 215 204 248 250 252 252 13 16 17 41 42 38 22 23 24 45 26 44 184 85 87 87 112 57 40 39 40 72 71 238 239 240 241 242 244 245 246 247 248 252 12 13 245 247
4 5 151 7 47 44 131 25 94 33 120 131 44 16 43 124 124 70 38 26 132 134 133 37 70 38 29 132 134 19 24 144 42 17 138 33 26 132 134 45 10 96 13 128 15 112 50 126 105 106 33 32 134 26 132 132 33 32 134 26 132 134 10 24 144 131 44 16 43 138 33 70 38 26 132 134 134 133 69 37
4 5 26 50 17 20 90 25 92 93 99 100 101 101 21 23 22 24 25 26 27 28 29 30 66 10 47 40 35 78 13 60 79 42 95 97 92 93 39 95 96 97 98 99 100 101 101 10 52 65 49 61 37 39 43 42 38 79 95 97 96 86 87 88 90 91 92 93 39 95 96 97 98 99 100 101 101 10 52 65
4 5 6 34 143 142 21 28 29 30 23 25 142 24 26 55 65 69 73 29 121 97 24 25 67 23 26 55 65 31 112 108 109 32 121 91 140 123 126 127 143 151 152 17 173 74 137 145 15 16 142 136 137 138 139 140 16 142 136 137 138 139 140 16 142 136 137 138 139 140 16 142 136 137 138 139 140 16 142 136
4 5 116 8 36 26 31 36 26 31 36 26 31 36 26 31 36 26 31 60 30 71 33 106 42 108 109 106 107 108 109 106 42 108 109 106 42 108 109 106 42 108 109 106 42 108 109 106 42 108 109 106 42 108 109 106 42 108 109 106 42 108 109 106 42 108 109 106 42 108 109 106 42 108 109 106 42 108 109 106
4 5 6 83 12 12 22 52 35 33 35 49 50 33 37 38 37 27 58 59 87 59 56 42 20 74 41 70 67 81 67 16 71 71 84 30 31 45 66 62 66 52 72 31 32 36 41 27 58 59 60 37 52 14 59 56 42 73 21 41 70 67 47 48 33 35 38 37 38 37 38 16 16 25 68 25 68 67 16 71
4 5 88 85 23 29 23 25 26 16 77 44 64 31 32 58 67 53 54 68 71 19 52 68 53 34 35 41 14 15 11 26 27 77 44 64 31 32 10 67 53 18 19 13 12 11 14 15 11 26 27 77 44 64 31 32 10 67 53 18 19 13 12 11 14 15 11 26 27 77 44 64 31 32 58 67 53 76 19 13
4 5 78 8 61 61 68 67 13 70 22 24 24 57 64 65 64 14 15 65 64 37 13 24 41 19 20 21 37 22 24 21 24 48 65 14 15 65 64 48 57 57 64 65 41 19 20 49 17 22 21 24 37 37 67 70 69 70 37 65 64 14 15 65 64 57 57 64 65 18 19 20 49 17 22 21 37 67 68 70
4 5 6 109 9 66 9 10 12 106 52 53 54 35 40 41 42 43 44 45 51 47 48 49 50 90 52 53 54 55 40 41 42 43 44 36 51 47 48 49 50 37 52 53 54 55 40 41 42 43 44 84 19 52 48 49 50 84 70 86 13 17 40 41 42 43 44 36 51 47 48 49 50 37 52 53 54 55 60 61
4 5 257 7 9 171 208 209 92 104 174 35 43 80 80 67 38 64 79 155 247 174 175 104 11 101 102 103 104 35 114 55 50 40 64 68 69 70 131 71 70 137 25 26 27 28 31 32 24 148 137 25 26 27 28 32 30 137 25 148 149 26 27 28 31 32 24 148 137 25 26 27 28 32 30 148 137 25 26 27
4 5 6 11 49 50 11 9 18 15 43 28 47 45 49 50 8 34 20 14 37 43 45 23 49 50 8 34 20 14 37 38 17 16 44 12 20 14 16 43 10 33 34 20 42 45 38 44 15 17 16 45 10 33 34 13 26 43 28 47 27 44 23 53 8 8 11 55 53 57
4 5 6 38 51 52 134 8 39 10 41 131 103 75 21 22 23 24 43 30 31 32 34 35 36 50 135 8 79 17 41 48 49 78 79 10 41 48 49 135 78 79 40 81 25 26 27 28 29 30 31 32 34 35 36 135 38 39 40 41 48 49 135 79 17 41 48 49 78 79 10 81 25 26 27 28 29 30 31 32
4 5 55 22 8 39 38 15 37 38 39 41 41 41 20 20 20 20 50 23 24 31 33 14 23 30 12 33 14 14 36 37 38 46 47 48 47 48 46 41 43 35 55 21 50 50 7 53 22 6
4 5 6 59 8 9 10 11 15 51 52 8 9 10 11 17 18 19 20 21 22 23 24 25 51 27 53 54 48 47 48 45 46 53 54 24 25 51 27 53 54 48 47 48 45 46 53 54 44 45 46 53 54 44 45 46 53 54 44 45 46 53 54 44 45 46 53 54 44 45 46 53 54 44 45 46 53 54 44 45
4 5 90 85 15 16 11 12 13 14 15 16 11 12 13 14 15 16 19 20 20 23 73 69 69 31 19 20 20 23 73 69 69 31 19 20 20 23 73 69 69 31 19 20 20 23 73 69 69 31 19 20 20 23 73 69 69 31 19 20 20 23 73 69 69 31 19 20 20 23 73 69 69 31 19 20 20 23 73 69
4 5 6 218 189 56 57 149 168 191 192 193 193 121 196 148 196 200 198 199 200 201 9 203 204 206 207 208 209 210 211 212 127 214 215 215 220 6 189 8 15 10 13 210 42 45 46 43 60 56 57 149 56 57 9 10 13 61 70 71 25 26 27 28 29 30 31 32 33 35 36 37 38 39 40 41 42 43 45 46
4 5 6 227 28 28 227 30 31 41 33 104 212 141 92 148 94 97 42 95 98 109 149 122 10 11 28 28 227 24 30 31 41 36 165 32 42 95 97 98 100 96 93 95 51 123 51 161 107 199 207 125 219 121 67 110 211 122 212 54 54 17 114 112 110 187 112 207 170 59 158 38 39 88 164 169 65 67 109 122
4 5 6 72 61 33 63 62 63 65 54 54 60 60 48 48 48 25 33 46 47 60 60 48 13 34 47 60 60 13 34 47 60 60 13 34 47 60 60 13 34 47 60 60 13 34 47 60 60 13 34 47 60 60 13 34 47 60 60 13 34 47 60 60 13 34 47 60 60 13 34 47 60 60 13 34 47 60 60 13
4 5 316 311 269 15 72 224 267 33 16 25 19 20 30 31 184 224 180 177 226 228 268 230 231 232 233 234 235 236 237 238 239 240 241 242 242 244 245 246 247 25 27 28 29 30 31 32 34 35 36 37 38 39 199 200 201 202 203 249 205 206 207 208 209 198 237 224 200 201 202 203 204 205 206 207 208 209 198 237
4 5 6 7 11 11 12 13 303 15 54 88 105 18 61 315 27 52 50 297 52 50 10 11 12 13 248 41 41 45 46 89 50 12 13 248 41 41 45 46 42 50 12 13 248 41 41 45 46 42 50 12 13 248 41 41 45 46 42 50 12 13 248 41 41 45 46 42 50 12 13 248 41 41 45 46 42 50 12 13
4 5 294 293 234 9 235 25 50 162 28 252 216 23 32 33 34 35 37 38 39 189 217 42 42 147 14 10 97 72 67 68 69 87 71 54 12 13 14 15 16 17 18 19 20 21 217 31 24 25 26 62 106 64 65 243 105 64 78 72 80 81 82 83 84 85 101 239 89 241 242 243 244 246 247 248 173 185 186 187
4 5 6 72 8 9 10 11 12 13 51 14 47 60 61 63 11 63 67 68 69 10 11 63 14 58 66 67 68 69 10 11 13 12 14 39 65 36 37 38 39 35 41 37 38 34 40 36 37 44 45 35 47 48 49 50 12 55 53 13 51 10 11 63 60 61 63 23 63 60 25 70 71 72 32 72 33 76 33 6
4 5 137 133 8 9 73 11 12 13 14 15 20 17 9 10 11 12 13 14 15 20 17 133 130 129 15 15 8 18 16 21 124 27 83 82 86 87 88 110 111 112 113 114 115 116 117 118 119 120 121 122 123 20 125 126 127 126 127 128 130 129 133 18 18 18 135 133 137
4 5 57 7 50 57 10 9 19 8 14 16 15 17 12 37 8 14 16 17 8 14 16 17 8 14 16 17 8 14 16 17 8 14 16 17 8 14 16 17 8 14 16 17 8 14 16 17 8 14 16 17 8 14 16 17 8 14 16 17 8 14 16 17 8 14 16 17 8 14 16 17 8 14 16 17 8 14 16 17
4 5 6 8 7 15 8 10 10 9 13 7 6 9 6 10 5 6 8 9 15 10 10 10 9 13 7 6 9 6 10 5 6 8 9 15 8 10 10 9 13 8 6
4 5 6 33 8 9 11 12 142 231 229 223 224 110 245 34 32 40 238 20 21 77 21 131 201 13 170 65 119 120 121 158 81 127 130 125 126 128 80 125 126 128 67 127 130 82 10 83 187 87 89 188 172 49 17 106 98 148 99 100 148 154 101 181 117 74 75 128 129 127 130 125 126 128 80 125 126 128 67 127
4 5 6 8 10 11 55 66 46 63 86 87 88 89 90 91 92 92 75 105 77 78 79 80 9 24 24 28 30 31 29 48 49 50 51 52 91 72 13 14 20 97 87 88 89 90 91 92 92 75 9 14 12 22 24 24 57 58 28 96 39 40 41 42 96 34 43 29 30 31 47 48 47 47 13 31 32 33 53 34
4 5 59 53 8 9 8 8 9 8 8 9 14 14 15 16 17 32 19 20 21 49 22 23 23 23 25 26 9 10 27 27 56 50 51 31 30 40 43 44 45 46 47 27 8 9 56 50 51 37 40 41 42 41 44 45 46 47 34 32 19 34 11 36 37 37 37 40 41 42 43 44 45 47 46 47 34 32 19 34
4 5 232 7 51 186 103 60 32 106 58 140 142 45 46 47 81 77 224 89 41 42 44 206 207 61 62 51 186 103 60 32 62 61 62 31 87 140 142 140 142 151 23 66 176 65 152 156 178 17 79 83 74 75 128 129 208 39 113 114 115 116 158 166 99 168 26 153 26 219 26 219 18 147 61 62 31 174 140 142
4 5 273 270 10 11 16 13 53 52 212 217 214 216 213 218 215 236 256 254 24 101 260 251 262 101 220 88 52 208 211 203 84 262 35 105 146 187 173 77 110 187 39 197 105 82 124 60 226 217 214 218 216 213 215 236 256 257 254 24 87 260 35 105 55 81 216 214 218 215 236 257 256 254 24 45 101 87 260 35
4 5 284 7 238 238 223 63 11 49 53 210 218 186 179 10 276 13 59 126 128 129 179 132 212 203 28 156 97 207 161 212 182 51 256 51 141 113 267 268 12 109 112 30 105 31 34 32 110 266 224 235 243 223 63 276 126 87 88 62 204 205 206 252 142 252 254 32 110 31 109 33 112 186 26 193 173 186 193 39
4 5 6 58 25 26 17 34 35 20 17 29 35 20 17 34 35 36 57 47 55 45 47 45 55 53 44 11 12 16 16 12 11 10 18 19 20 20 17 29 35 20 20 17 34 35 36 57 47 55 45 47 45 55 53 44 11 12 16 16 11 10 12 16 38 16 23 20 20 17 41 35 20 20 17 41 35 36 57 47
4 5 229 7 51 183 102 60 32 105 58 139 141 45 46 47 48 77 221 214 95 83 171 61 62 31 59 139 141 139 141 60 60 32 105 58 139 141 60 60 105 58 71 139 141 85 66 65 149 153 173 175 17 79 76 96 97 61 62 31 87 139 141 139 141 60 60 32 37 58 139 141 175 142 159 41 42 44 217 16
4 5 40 37 7 8 9 10 11 12 17 16 26 19 30 19 17 27 24 19 21 30 25 8 9 10 23 23 19 17 27 24 21 21 30 25 12 11 24 21 30 25 9 10 24 18 19 21 21 30 25 12 23 21 21 30 25 9 10 24 18 19 21 21 30 25 12 23 21 21 30 25 9 10 24 18 19 21 21 30
4 5 176 172 65 81 85 82 80 81 85 82 86 87 88 89 90 91 92 93 95 96 81 85 82 86 87 88 89 90 91 92 93 95 123 124 125 126 128 129 130 131 132 133 136 135 136 137 138 139 140 74 142 43 44 55 46 47 48 41 50 43 52 53 54 45 56 57 58 59 60 61 62 63 64 66 67 149 69 69
4 5 6 8 21 100 101 13 12 13 14 14 100 21 100 101 103 21 100 101 103 21 19 47 59 101 103 21 100 101 103 21 19 47 59 101 103 21 100 101 103 21 19 47 59 101 103 21 100 101 103 21 19 47 59 101 103 21 100 101 103 21 19 47 59 101 103 21 100 101 103 21 19 47 59 101 103 21 100 101
4 5 6 73 8 23 11 12 13 14 15 16 17 18 19 20 21 23 24 12 43 46 47 26 28 29 14 46 15 16 17 18 19 21 70 23 11 12 43 46 47 26 51 49 50 40 52 53 54 55 64 40 66 67 68 45 46 47 48 49 50 40 52 52 53 54 55 64 40 66 67 68 45 69 37 38 39 40 66 67
4 5 66 108 22 23 24 25 26 27 28 29 89 46 32 33 34 35 68 37 38 81 40 41 42 43 44 46 46 47 48 49 50 51 52 53 54 55 56 57 58 66 46 61 62 63 64 35 36 67 69 14 12 70 71 72 73 74 75 76 77 78 79 80 81 40 83 84 85 86 87 88 30 90 91 92 93 94 95 96
4 5 130 129 95 95 93 113 93 96 100 100 100 108 125 9 32 12 95 27 93 114 74 69 74 69 75 76 75 76 75 76 75 76 75 76 75 76 69 40 40 107 55 56 80 91 125 125 125 124 128 127 6
4 5 71 65 66 9 24 11 15 14 17 41 17 49 44 50 9 62 63 22 28 18 40 18 40 18 31 21 46 9 24 63 44 55 52 50 20 21 18 40 18 31 52 56 35 56 53 31 18 31 65 65 65 7 69 65 71
4 5 141 135 8 20 10 41 10 22 23 128 13 128 29 104 36 109 45 130 15 13 128 29 19 125 28 27 28 59 26 125 28 59 52 44 45 130 15 13 128 29 19 125 28 27 28 59 26 125 28 59 52 44 45 130 15 13 128 29 19 125 28 27 28 59 26 125 28 59 52 44 45 130 15 13 128 29 19 125
4 5 129 125 8 86 10 11 12 13 14 15 16 45 18 19 20 51 111 71 57 58 59 56 66 65 57 58 68 69 25 71 72 73 74 54 76 77 78 79 61 81 16 84 85 9 87 88 89 90 91 92 93 26 95 96 97 20 99 100 101 102 102 113 108 71 72 73 74 75 76 77 78 79 61 81 16 84 85 9
4 5 6 26 31 47 33 77 43 42 100 99 101 97 98 94 114 139 114 118 57 142 82 140 55 32 48 110 110 137 110 137 136 112 111 75 79 133 79 80 135 54 106 57 72 69 69 67 83 84 86 95 94 93 92 94 95 98 102 99 97 139 76 114 53 57 54 139 114 118 57 56 142 113 16 28 28 26 143 143
4 119 104 118 76 177 97 247 21 76 151 152 8 154 155 156 164 167 211 215 216 165 217 219 176 63 67 132 128 21 107 108 101 155 156 215 216 219 171 177 247 21 76 177 97 247 21 76 177 181 20 54 21 107 108 101 102 155 156 215 216 211 219 176 177 19 22 22 252
4 5 70 32 61 12 13 13 24 24 24 24 43 58 61 46 47 47 48 49 52 54 19 29 30 18 27 8 9 10 12 13 14 15 15 16 9 10 12 13 14 15 15 10 12 13 14 15 15 10 12 13 14 15 15 10 12 13 14 15 15 10 12 13 14 15 15 10 12 13 14 15 15 10 12 13 14 15 15 10
4 5 6 49 12 15 16 18 21 22 23 24 25 26 27 38 30 29 34 11 33 34 29 35 26 13 28 30 29 33 34 43 33 34 29 30 32 33 34 29 35 26 27 28 30 33 34 43 33 34 29 29 35 26 27 38 40 41 39 17 30 29 34 43 33 34 29 30 32 33 34 29 35 26 27 28 30 33 34 43
4 5 57 47 11 32 46 46 11 32 15 46 10 11 32 15 46 10 11 32 15 46 10 11 32 15 46 10 11 32 15 46 10 11 32 15 46 10 11 32 15 46 10 11 32 15 46 10 11 32 15 46 10 11 32 15 46 10 11 32 15 46 10 11 32 15 46 10 11 32 15 46 10 11 32 15 46 10 11 32
4 5 6 29 28 66 6 63 64 66 6 63 28 66 6 63 28 66 6 63 28 66 6 63 28 66 6 63 64 66 6 63 28 66 6 63 28 66 6 63 28 66 6 63 64 66 6 63 64 66 6 63 28 66 6 63 28 66 6 63 28 66 6 63 28 66 6 63 28 66 6 63 28 66 6 63 28 66 6 63
4 5 6 7 95 9 13 11 23 12 11 10 40 31 32 70 70 31 40 34 33 41 35 65 79 24 51 50 51 83 9 45 10 40 33 67 68 12 11 7 71 13 12 11 7 14 36 63 29 34 81 31 32 81 33 41 81 31 35 42 42 48 49 42 78 50 51 83 44 43 33 34 81 33 41 28 17 65 35 65
4 5 6 50 91 10 11 12 21 17 154 185 122 214 219 216 39 10 11 12 13 14 15 214 219 201 39 10 11 12 13 14 15 214 219 218 39 10 11 12 13 14 15 214 219 216 39 10 11 12 13 14 15 214 219 216 39 10 11 12 13 14 15 214 219 201 39 10 11 12 13 14 15 214 215 216 220 10 11 12
4 5 81 27 36 37 10 39 40 42 41 43 45 44 45 15 46 16 16 17 18 19 20 21 22 23 14 35 36 15 16 17 18 19 20 21 22 23 14 35 36 15 16 17 18 19 20 21 22 23 14 35 36 15 16 17 18 19 20 21 22 23 14 35 8 15 16 17 18 19 20 21 22 23 14 35 8 15 16 17
4 5 6 281 11 11 12 13 301 48 54 88 106 18 61 313 27 40 50 78 40 50 244 245 41 48 45 46 321 323 323 9 10 11 300 245 15 54 88 106 18 158 23 103 33 160 162 163 317 87 140 151 38 38 89 50 46 321 323 323 9 10 11 12 13 245 15 54 88 106 18 61 313 27 56 58 29 30 31 309
4 5 6 136 8 8 36 37 123 39 40 8 36 37 123 39 40 26 33 34 108 114 29 30 47 116 43 29 75 76 77 22 23 26 33 34 26 36 37 123 39 40 26 33 34 108 114 29 30 47 116 43 29 75 76 77 22 23 26 33 34 26 36 37 123 39 40 26 33 34 38 36 124 40 12 28 55 15 16 17
4 5 124 118 75 9 10 113 114 115 61 62 63 64 65 66 67 68 69 70 71 72 73 55 75 76 77 12 13 79 81 82 77 12 13 102 81 82 77 12 13 102 81 82 77 12 13 102 81 82 31 101 85 81 82 77 20 21 103 104 105 77 20 108 109 110 111 112 113 114 115 7 117 116 116 116 7 122 116 124
4 5 6 8 48 96 41 98 67 68 16 17 55 53 15 126 23 75 95 49 41 51 68 36 64 89 121 121 89 65 149 70 70 62 32 102 35 126 126 58 52 90 15 126 57 138 58 137 21 82 82 81 89 121 121 89 65 149 70 72 101 102 35 126 126 58 52 56 15 126 57 138 58 137 21 82 82 81 89 121
4 5 203 198 194 10 11 14 13 12 8 58 137 17 18 19 62 21 22 23 24 25 26 8 28 29 30 31 32 33 34 35 36 37 38 39 40 41 42 43 45 46 47 48 49 50 51 17 194 53 53 55 56 57 58 59 60 61 115 116 117 118 160 120 121 122 123 124 125 126 17 128 129 130 136 137 138 139 140 141
4 5 178 64 12 13 14 45 80 147 12 17 14 149 148 151 149 87 88 87 153 77 88 25 124 26 124 38 68 86 86 149 148 151 146 149 87 88 87 153 77 88 25 124 26 124 38 68 86 86 146 149 148 151 146 149 87 88 87 153 77 88 25 124 26 124 38 68 145 145 146 149 148 151 146 149 87 88 87 153
4 5 6 52 26 22 95 113 28 16 17 18 19 79 16 17 18 19 79 21 22 95 113 28 106 107 108 27 109 110 71 113 28 59 44 32 107 27 109 110 71 113 28 12 32 107 27 33 34 35 36 37 38 58 40 57 56 64 102 22 95 113 28 12 32 107 27 33 34 35 36 37 38 39 40 101 56 102 22 42
4 5 6 57 8 8 49 26 34 16 18 21 24 22 24 15 17 52 51 13 51 52 51 13 43 31 32 37 11 38 39 27 35 35 30 44 32 46 13 51 52 23 22 24 24 22 21 15 17 52 51 13 51 52 51 19 53 53 20 13 31 32 11 37 46 39 38 27 28 43 31 32 46 13 51 52 23 22 24 24
4 5 222 28 11 147 150 108 37 158 162 137 190 9 188 99 207 19 77 99 207 19 177 119 120 119 120 117 136 135 46 134 106 46 136 106 46 136 106 46 108 103 170 72 130 116 77 208 93 200 110 192 110 53 126 133 133 33 153 59 170 116 77 208 36 200 90 97 87 88 42 126 91 23 67 199 92 133 46 106
4 5 6 9 8 9 10 211 203 13 14 16 16 5 6 9 8 9 10 211 171 13 14 16 16 5 6 9 8 9 10 211 203 13 14 16 16 5 6 9 8 9 10 211 203 13 14 16 16 5 6 9 8 9 10 211 203 13 14 16 16 5 6 9 8 9 10 211 171 13 14 16 16 5 6 9 8 9 10 211
4 5 6 7 8 9 10 39 12 13 14 15 10 17 90 19 20 21 22 23 24 25 26 27 28 69 30 31 32 33 34 35 36 37 48 39 40 42 52 44 45 46 47 37 48 11 50 51 43 53 54 55 56 57 58 59 60 61 62 63 63 79 65 145 67 68 116 70 71 72 73 74 48 76 77 78 79 80 81 82
4 5 116 115 52 52 56 57 58 71 95 87 20 10 10 14 103 79 34 25 26 27 28 30 30 31 61 63 64 71 72 77 78 70 64 94 72 67 77 78 101 101 74 78 101 86 57 58 94 95 106 107 108 109 20 10 10 39 60 34 34 26 27 28 30 30 31 61 7 63 64 94 72 77 78 70 64 94 72 67
4 5 6 9 8 10 8 10 11 16 17 18 19 77 48 92 29 103 30 119 120 119 39 39 39 55 39 39 39 39 39 39 39 39 39 39 48 90 93 67 33 67 34 27 19 87 19 18 77 10 92 29 103 30 12 11 63 63 87 27 93 67 34 27 19 18 19 55 117 16 17 18 19 13 15 103 96 95 17 18
4 5 6 119 81 82 83 84 97 82 69 105 63 20 47 114 108 18 33 101 29 115 114 9 72 50 27 103 16 19 13 14 19 107 108 57 51 29 78 41 42 32 29 34 34 43 38 40 79 72 57 45 78 41 42 29 34 34 43 38 40 79 72 50 27 103 16 19 13 14 71 81 82 83 84 85 97 88 89 98
4 5 6 188 8 9 48 49 50 51 52 24 54 55 56 57 58 59 60 61 62 63 64 65 66 15 17 69 70 71 72 125 74 30 178 76 77 78 79 80 81 82 83 84 85 86 87 88 89 90 91 92 93 94 95 46 47 98 99 100 101 102 103 104 105 106 107 108 109 46 111 112 113 114 115 116 117 118 119 118
4 5 6 11 10 10 29 29 105 67 72 8 60 61 62 43 39 100 65 14 98 35 28 9 31 44 45 35 36 42 60 61 62 64 43 73 63 73 64 91 91 58 67 100 65 14 98 35 70 72 86 87 88 65 14 104 98 62 63 73 63 73 63 73 64 91 91 58 67 100 65 14 98 35 70 72 99 65 14 98
4 5 73 69 14 14 44 41 35 57 58 59 60 26 27 57 37 39 33 34 35 57 29 63 32 40 63 32 40 44 59 30 49 30 30 39 63 32 33 40 63 17 19 50 51 59 30 49 30 30 39 63 32 63 40 17 19 64 42 18 10 23 54 51 62 23 24 10 23 51 50 51 59 9 26 27 57 37 59 34
4 5 6 58 8 9 10 11 25 19 20 21 22 23 24 27 27 37 38 39 50 43 44 45 47 48 16 14 17 25 19 20 21 23 24 27 23 24 27 37 38 39 50 43 44 34 47 48 16 14 17 25 19 20 21 23 24 27 23 24 27 58 37 38 39 50 43 38 34 47 48 16 14 17 25 19 20 21 23 24
4 5 53 49 8 8 14 38 22 23 29 14 29 23 29 24 34 35 26 27 33 40 28 19 20 28 40 19 46 46 21 38 33 42 31 19 18 20 46 38 33 40 19 28 42 40 20 18 19 46 46 39 38 33 40 28 19 20 46 46 39 38 33 40 18 42 19 46 46 39 38 33 40 18 42 19 46 21 46 39
4 5 6 92 13 43 44 45 46 47 48 49 50 51 57 58 59 60 61 62 63 61 22 23 24 26 27 28 29 31 30 30 23 24 34 25 34 24 18 19 20 21 22 23 24 25 26 27 28 29 31 31 31 23 24 34 25 80 44 23 24 34 24 42 43 44 45 46 47 48 49 50 51 57 58 59 60 61 62 63
4 5 6 9 8 9 10 183 70 29 18 109 34 15 35 37 36 38 81 80 82 18 28 20 15 118 119 120 101 100 23 24 25 102 26 127 128 126 130 79 109 34 59 108 171 71 89 135 78 33 34 15 35 80 81 38 68 66 67 68 69 95 70 118 119 120 101 103 23 24 25 102 26 127 128 126 130 148 114 169
4 5 6 44 25 31 29 30 41 16 10 19 14 13 14 12 16 17 17 39 40 38 21 20 38 40 38 21 18 19 25 39 31 17 39 40 21 38 20 39 8 9 18 11 20 38 21 18 19 25 39 31 25 39 40 21 38 47 46
4 5 367 320 11 11 12 13 259 15 54 88 17 18 61 349 27 88 26 27 156 26 27 157 49 50 44 47 41 358 363 50 46 358 360 360 9 10 11 12 13 259 15 54 88 17 18 61 349 27 224 58 29 30 31 345 21 347 133 158 354 143 350 62 63 64 65 66 67 212 213 214 215 216 133 220 178 270 306 307
4 5 126 120 11 11 14 106 42 106 30 18 19 16 15 15 17 21 22 22 109 102 129 93 136 22 86 42 106 42 102 129 93 22 22 25 42 24 43 69 15 17 21 22 22 22 15 15 32 33 102 129 93 22 22 56 42 24 72 72 25 70 72 116 70 72 62 138 130 91 35 109 129 93 136 22 22 23 22 20
4 5 113 107 8 84 10 11 12 13 14 15 16 17 18 19 20 21 22 23 68 25 26 27 28 30 17 32 33 34 35 36 37 38 39 40 41 42 43 46 47 48 49 21 7 52 79 54 55 56 57 58 59 62 63 64 65 66 67 24 69 70 71 72 73 79 75 76 77 78 53 80 16 82 83 9 85 86 87 88
4 5 6 27 8 10 12 13 14 15 15 12 17 14 13 14 15 48 21 22 22 24 18 41 51 45 12 13 14 15 15 12 17 14 13 14 15 48 21 22 22 24 18 41 51 45 12 13 14 15 15 12 17 14 13 14 15 48 21 22 22 24 18 41 51 45 12 13 14 15 15 12 17 14 13 14 15 48 21 22
4 5 6 8 24 6 9 9 50 51 24 16 12 30 13 39 16 12 39 16 12 39 16 12 39 16 12 39 16 12 39 16 23 39 16 12 39 16 12 39 16 12 39 16 12 39 22 23 39 22 12 39 16 12 39 16 12 39 16 12 39 16 12 39 16 12 39 16 12 39 16 12 39 16 12 39 16 12 39 16
4 5 6 65 8 20 40 33 12 13 14 15 16 17 18 19 28 29 26 24 25 27 28 29 61 26 25 24 27 28 29 61 26 25 24 27 28 29 61 26 25 24 27 28 29 61 26 25 24 27 28 29 61 26 25 24 27 28 29 61 26 25 24 27 28 29 61 26 25 24 27 28 29 61 26 25 24 27 28 29
4 5 112 50 8 83 10 11 12 13 14 15 80 17 18 19 20 21 90 23 24 68 91 27 28 44 17 31 32 33 34 35 36 37 38 39 40 41 42 45 46 47 48 21 50 51 73 53 54 55 56 57 58 61 62 63 64 65 66 67 25 69 70 71 72 59 74 75 76 77 52 79 80 81 82 83 84 85 86 87
4 5 121 117 91 51 52 44 75 41 113 51 43 44 37 113 77 60 104 68 67 66 58 22 49 71 94 67 102 103 103 104 68 67 66 58 22 49 71 94 67 102 103 103 104 68 67 66 58 22 49 71 94 67 102 103 103 104 68 67 66 58 22 49 71 94 67 102 103 103 104 68 67 66 58 22 49 71 94 67
4 5 8 8 43 25 34 22 23 25 26 27 28 42 26 27 28 42 43 7 43 8 8 8 8 8 8 8 8 8 8 8 8 8 8 8 8 8 8 8 8 8 8 8 8 8 8 8 8 8 7 10 17 19 17 19 42 26 27 28 42 29 30 27 28 42 43
4 5 6 29 28 34 96 22 84 119 25 34 119 21 22 84 28 84 119 21 22 44 81 46 79 18 141 20 18 17 149 149 22 84 130 119 30 81 46 79 18 141 20 17 96 22 84 119 30 81 46 79 18 141 20 17 96 22 34 64 97 69 49 114 116 116 119 104 8 9 52 138 116 116 119 95 28 130 119 22
4 5 69 62 60 60 11 12 14 47 52 53 54 55 51 21 57 18 28 42 63 63 63 7 67 63 69 69 60 5 69 63 60 60 11 12 14 47 52 53 54 55 51 21 57 18 28 42 63 63 63 7 67 63 6
4 5 6 7 42 74 50 68 8 14 15 72 20 21 22 44 29 23 24 55 56 53 54 53 24 40 40 60 59 60 11 12 50 52 75 76 75 76 52 55 57 54 53 54 24 40 40 60 37 35 9 31 9 31 9 63 63 42 43 51 52 50 51 57 55 58 24 57 53 54 53 35 59 12 60 50 52 75 76 75
4 5 121 115 8 9 11 57 56 68 69 58 55 46 47 48 49 50 39 29 30 108 32 36 35 33 37 25 60 61 32 11 57 56 35 33 37 25 23 61 32 11 57 56 35 33 37 25 23 61 32 11 57 56 35 33 37 25 23 61 32 11 57 56 35 33 37 25 23 61 32 11 57 56 35 33 37 25 23 61
4 5 6 49 44 50 39 40 41 42 24 24 42 12 24 11 18 10 11 8 12 9 23 20 25 10 11 24 22 12 18 34 34 33 17 37 19 22 41 40 41 22 9 23 20 25 10 8 26 21 18 28 18 34 33 35 17 34 33 17 35 34 33 17 34 33 17 35 33 17 34 33 17 35 33 17 34 33 35 17
4 5 19 141 92 78 11 12 13 14 15 16 15 109 119 36 139 119 53 16 98 131 108 55 106 107 108 55 106 107 108 101 102 29 104 101 134 135 11 12 13 14 15 16 72 93 94 95 21 93 98 122 108 37 52 111 112 113 114 37 87 111 112 113 114 116 109 49 50 51 116 112 113 114 116 112 113 114 116 114
4 5 6 102 8 9 10 11 12 13 14 15 81 30 18 19 96 50 22 23 24 69 26 27 28 45 30 32 33 34 35 36 37 38 39 40 41 42 43 46 47 48 49 50 51 52 60 54 55 56 57 58 59 62 63 64 65 66 67 24 25 70 71 72 73 53 75 76 77 78 79 80 81 82 83 84 85 86 87 88
4 5 31 30 7 9 10 11 21 23 12 24 15 16 15 16 15 16 15 16 15 16 15 16 15 16 15 16 15 16 15 16 15 16 15 16 15 16 15 16 15 16 15 16 15 16 15 16 15 16 15 16 15 16 15 16 15 16 15 16 15 16 15 16 15 16 15 16 15 16 15 16 15 16 15 16 15 16 15 16
4 5 123 119 35 123 37 25 32 101 44 45 25 39 51 52 42 91 43 67 66 109 67 36 51 52 43 91 107 66 67 109 36 11 11 11 8 11 118 39 51 52 42 91 43 67 66 109 67 36 51 52 43 91 107 66 67 109 36 11 11 11 8 11 12 39 51 52 42 91 43 67 66 109 67 36 51 52 43 91
4 5 125 128 8 6 28 29 30 31 32 33 34 35 36 37 38 39 40 98 122 122 32 33 34 35 36 37 38 39 40 123 46 47 48 45 50 51 52 49 62 63 22 23 24 25 47 96 28 29 30 31 32 33 34 35 36 37 38 39 40 98 122 122 32 33 34 35 36 37 38 39 40 123 46 47 48 45 50 51
4 5 190 7 8 9 8 9 10 15 14 142 60 110 105 19 14 113 108 44 114 44 112 64 65 66 173 174 175 95 96 97 98 99 100 183 102 103 176 26 106 110 25 38 137 38 64 65 68 40 114 44 45 150 147 47 48 49 134 135 136 111 138 33 103 141 57 58 59 145 61 116 63 118 119 66 66 56 21 154
4 5 6 42 9 10 18 11 31 32 33 32 26 13 26 14 24 9 10 18 11 37 38 21 26 26 15 37 38 21 26 26 14 24 25 16 17 18 19 37 38 21 8 23 15 37 38 26 26 14 24 25 30 18 19 37 38 21 21 26 26 13 37 38 26 26 14 29 14 24 16 17 18 19 37 38 21 8 23 15
4 5 6 67 8 9 10 11 12 13 55 34 11 10 11 12 13 41 183 43 44 45 187 188 52 190 54 55 56 57 70 59 135 61 62 63 64 65 66 7 68 57 70 71 108 107 110 109 112 33 31 99 10 11 10 11 12 13 14 15 16 17 18 19 20 21 22 27 25 26 27 28 16 17 18 19 20 21 22 27
4 5 6 42 9 12 9 16 16 38 10 40 18 12 15 16 52 41 48 50 51 52 53 54 43 43 54 42 33 34 11 36 37 38 20 40 18 8 44 45 46 47 48 50 51 52 53 54 55 55 55 42 59 55 6
4 5 78 75 10 70 69 70 16 23 17 17 21 22 16 43 53 42 43 11 31 32 37 34 20 21 22 43 32 33 49 50 51 46 46 22 40 54 39 43 43 38 34 49 52 50 51 46 46 22 54 22 16 43 38 20 42 17 40 40 49 50 49 51 46 46 44 22 18 42 16 43 38 38 20 34 49 50 51 50
4 5 105 7 64 65 9 10 71 72 76 57 56 35 30 9 27 43 61 88 24 60 47 40 43 53 88 90 35 63 64 65 26 67 71 72 76 58 85 65 26 10 45 46 46 59 15 49 68 16 68 22 69 93 69 57 56 78 77 57 78 77 12 11 30 35 40 43 53 88 90 91 89 90 32 57 89 34 91 57
4 5 6 90 65 17 74 71 69 14 40 10 17 74 71 69 14 40 41 42 62 44 22 30 55 49 84 24 55 22 30 30 82 49 84 45 24 82 22 30 81 55 73 57 59 73 60 69 79 80 53 77 78 24 47 82 84 47 55 24 47 71 73 60 69 65 72 72 72 60 69 79 53 76 14 40 33 21 22 30
4 25 70 10 72 81 73 74 75 76 77 78 79 80 81 12 19 75 73 74 75 76 77 78 79 80 81 9 9 48 49 50 51 51 45 45 44 43 48 49 50 51 51 53 53 55 57 58 59 60 61 62 57 58 59 60 61 62 57 58 59 60 61 62 57 58 59 60 61 62 57 58 59 60 61 62 57 58 59 60
