4 5 145 141 32 122 112 36 37 113 23 115 116 117 118 122 79 115 127 109 116 109 116 117 118 122 8 127 26 119 120 19 113 37 21 113 38 76 7 51 65 66 57 56 58 57 64 65 53 117 55 35 113 117 101 68 101 98 65 100 123 54 41 117 57 58 56 125 67 116 117 118 123 28 34 95 115 116 117 118
4 5 6 137 11 28 64 12 99 125 12 52 125 12 135 59 60 134 135 35 43 56 30 12 27 86 68 46 33 94 93 101 88 89 70 105 50 95 96 106 110 94 111 126 56 109 71 74 17 71 41 97 75 99 97 75 123 78 98 100 30 75 99 97 75 99 78 98 97 75 99 97 75 99 52 86 87 88 46 47
4 5 34 8 7 20 10 20 10 13 20 16 20 21 20 19 28 8 8 8 29 32 29 34 10 13 24 20 18 16 20 10 21 20 19 8 8 8 8 7 32 8 34
4 117 118 119 120 121 5 6 93 27 28 29 30 43 11 33 34 35 36 37 38 39 40 41 42 31 45 10 15 16 32 46 8 48 49 50 66 85 82 83 38 39 41 42 43 32 9 10 39 85 82 61 62 111 112 113 114 115 116 117 118 119 120 121 5 6 95 27 18 99 101 102 103 104 105 106 107 108 109 110
4 5 58 57 57 22 11 30 14 15 16 17 18 33 20 21 22 49 23 24 50 51 28 57 29 12 32 50 51 38 40 43 44 42 41 44 46 47 46 42 43 31 25 38 50 32 31 42 41 44 46 47 46 47 42 41 44 42 43 44 46 47 46 42 41 31 38 50 51 32 31 38 25 26 47 42 43 44 42 43
4 5 6 112 67 28 98 22 69 24 33 25 34 27 41 42 106 107 108 109 110 111 100 101 102 103 50 104 50 49 8 11 10 80 81 76 28 21 22 69 24 33 25 18 37 27 41 42 50 68 69 34 97 24 33 31 64 65 14 21 30 8 79 80 12 82 83 84 7 86 87 88 76 98 99 106 107 108 109 110
4 5 31 8 9 10 12 16 15 18 18 10 28 12 16 14 18 15 16 21 23 24 25 25 28 8 29 7 6 31 23 24 25 28 28 8 29 25 6
4 5 241 16 232 233 18 211 100 190 157 63 83 115 228 226 86 111 72 88 220 224 228 175 54 221 53 83 51 57 53 54 221 56 131 24 43 34 130 37 132 213 53 54 221 51 52 95 233 235 211 123 143 124 188 126 127 186 110 73 73 219 205 76 71 26 61 88 89 175 13 14 15 234 232 24 192 193 142 143
4 5 84 83 8 9 37 19 20 21 22 23 34 25 26 27 28 29 30 30 33 35 36 37 39 40 41 42 43 44 45 46 47 48 47 50 51 52 53 54 55 56 57 58 12 43 61 62 63 64 43 66 67 68 69 70 71 72 73 74 75 76 77 77 79 80 80 80 82 79 38
4 5 52 9 8 8 10 34 16 10 13 15 16 17 18 21 40 27 24 48 40 23 43 44 34 16 11 12 13 15 16 17 18 21 40 27 24 51 40 27 43 44 34 16 17 18 21 40 27 24 31 22 41 43 44 34 16 11 12 13 15 16 17 18 21 40 27 24 46 40 27 43 44 34 16 17 18 25 28 9
4 5 6 65 65 71 33 34 20 21 22 23 54 8 34 20 17 39 8 34 20 44 55 42 27 28 61 42 44 32 8 34 35 43 16 21 22 23 23 30 14 52 30 49 17 39 43 21 44 27 28 25 26 61 14 63 52 30 49 19 35 43 32 23 21 22 23 30 14 52 61 25 26 61 28 61 42 27 28 25
4 5 6 6 7 9 9 10 11 12 13 14 15 16 17 18 19 20 22 23 24 25 26 27 28 30 29 62 77 33 34 35 37 70 32 39 40 41 42 43 112 45 67 51 16 66 18 19 20 44 45 67 51 16 66 100 58 59 60 61 62 63 14 15 16 66 16 100 101 100 29 29 100 63 16 66 37 35 24 25
4 5 53 52 49 30 17 11 12 27 33 34 35 30 17 18 19 20 21 22 23 24 25 26 13 28 49 36 17 11 14 34 35 30 17 38 39 40 41 42 43 44 45 46 49 49 49 29 51 49 6
4 5 114 107 8 84 10 11 12 13 14 15 81 29 18 19 20 21 22 23 24 25 92 27 28 43 29 30 31 32 33 34 35 36 37 38 39 40 41 42 30 45 46 47 48 49 7 51 78 52 53 54 55 56 57 58 59 60 61 62 63 64 65 66 67 68 69 70 71 72 59 74 75 76 77 78 52 80 16 82
4 5 225 7 29 30 137 32 34 35 36 37 38 78 42 43 105 108 107 42 45 137 47 9 25 26 27 127 62 36 71 71 68 73 74 196 186 187 188 30 31 138 195 198 199 81 194 196 75 178 168 173 201 202 203 204 205 128 129 130 131 132 133 134 135 210 138 139 140 25 142 143 82 195 195 196 198 199 41 200
4 5 113 108 8 9 10 11 12 13 14 15 81 31 18 19 20 21 22 23 24 25 92 27 28 17 30 32 33 34 35 36 37 38 39 40 41 42 43 30 46 47 48 49 21 7 52 74 54 55 56 57 58 59 53 61 62 63 64 65 66 67 24 25 70 71 72 73 53 75 76 77 78 60 80 81 82 83 84 85
4 5 16 15 9 7 16 7 9 7 16 7 16 8 9 7 16 8 7 16 15 9 8 16 15 15 9 15 14 15 16 16 15 5 16 15 9
4 5 6 197 197 63 23 24 68 26 27 28 29 30 31 32 33 164 35 36 37 38 39 40 41 42 43 44 77 78 79 80 81 82 83 84 85 86 87 93 94 90 91 92 93 94 90 96 97 98 99 100 101 102 103 104 105 106 8 108 109 110 111 112 113 114 115 116 117 118 119 120 121 122 123 124 125 126 127 128
4 5 47 7 73 23 29 29 29 48 45 49 51 33 55 56 57 58 57 31 60 58 47 45 49 51 23 73 74 7 9 12 42 43 39 41 40 38 31 30 14 10 13 42 43 39 40 41 68 31 26 21 45 49 51 55 66 49 51 73 74
4 5 6 342 10 227 363 77 16 295 294 297 298 299 300 301 302 87 295 294 297 100 275 276 277 278 279 280 281 282 283 284 285 286 287 288 289 121 291 292 293 294 295 294 297 298 299 300 301 302 87 295 294 297 100 275 276 103 218 105 106 107 108 31 77 78 55 161 43 44 45 46 47 48 49 50 51 52 53 201
4 5 97 91 96 97 77 59 67 11 59 12 13 36 42 43 44 45 46 47 48 49 50 51 75 23 36 36 34 35 36 37 38 34 35 23 42 43 44 37 36 12 17 40 82 74 74 51 75 47 46 86 47 33 31 32 55 56 57 55 56 57 55 56 57 57 44 43 45 44 46 47 48 49 50 51 49 50 23 36
4 5 207 11 11 9 53 54 73 56 57 58 59 121 61 62 63 65 68 67 69 70 89 69 68 115 116 117 185 35 121 58 57 59 58 48 24 46 47 129 130 138 139 140 152 132 63 65 84 148 149 94 108 113 157 158 159 160 161 162 125 141 122 123 159 11 11 11 7 205 51 6
4 5 142 7 8 13 70 50 159 14 15 26 17 27 20 19 21 115 24 15 26 18 31 32 164 46 115 123 47 44 46 50 127 51 163 52 140 131 139 23 136 70 159 14 15 26 27 115 19 20 21 115 44 46 43 47 45 44 117 135 144 145 49 127 50 125 73 163 52 51 52 52 83 150 75 144 145 57 59 60
4 5 92 91 21 42 9 18 45 43 24 40 58 50 25 52 63 71 35 45 44 80 84 39 40 45 43 35 40 29 49 50 51 63 19 18 71 60 56 71 44 61 36 63 39 40 45 43 35 40 29 49 50 36 33 74 18 19 58 50 36 52 37 56 60 56 60 56 60 52 29 35 77 79 78 46 42 45 43 82
4 5 6 13 21 22 23 24 27 10 16 8 8 17 18 17 27 13 13 7 29 13 31 31 21 22 23 24 9 8 13 10 16 17 18 27 13 13 7 29 13 31
4 5 176 119 10 107 12 103 84 85 65 90 167 152 10 107 12 155 112 143 145 114 22 141 98 100 37 31 140 8 119 119 23 174 8 6
4 5 6 7 45 120 52 22 27 76 99 100 101 100 62 63 86 86 72 112 39 40 41 42 43 44 45 97 78 20 80 81 6 83 84 85 86 87 88 89 90 91 92 93 94 95 96 97 78 24 21 81 6 83 84 85 86 87 88 89 90 91 92 93 94 95 96 97 78 20 21 81 6 83 84 85 86 87 88 89
4 5 158 7 32 66 67 68 46 65 66 67 35 141 111 137 143 18 19 44 99 45 20 107 108 136 10 136 79 64 107 76 98 82 86 88 49 27 14 24 38 17 18 19 44 99 45 144 28 88 89 144 107 136 136 142 56 104 82 98 86 82 88 49 40 47 111 115 114 113 95 83 36 24 38 61 100 86 82 88
4 5 74 7 19 37 38 39 57 53 40 11 49 13 31 31 25 54 36 37 38 39 57 67 65 66 67 17 13 31 25 11 49 49 12 14 49 43 49 16 59 38 61 25 26 49 16 22 10 43 56 38 61 25 59 38 61 30 31 32 30 32 56 9 49 12 13 29 43 49 12 13 29 32 30 31 32 30 13 9
4 5 270 130 48 199 50 51 52 53 54 55 56 62 58 59 60 61 128 104 214 144 13 207 175 176 177 178 254 181 182 220 256 257 258 259 260 261 262 263 232 232 64 171 21 23 24 45 26 44 114 6 207 208 128 66 127 128 22 23 20 21 24 45 26 44 114 6 207 208 128 66 127 128 81 69 238 20 118 67
4 5 151 7 47 42 51 64 25 61 140 138 132 33 28 38 27 22 131 64 44 61 138 140 120 117 138 26 41 70 38 27 41 132 134 47 126 138 18 21 28 38 27 132 133 105 39 32 134 27 22 131 64 44 61 17 138 119 120 117 90 131 23 135 44 42 17 105 73 72 47 109 90 8 145 13 14 129 82 80
4 5 26 63 17 20 90 19 23 24 25 26 27 28 29 30 66 10 75 40 54 55 13 38 94 34 41 42 43 44 45 46 64 66 49 10 32 52 40 54 36 44 63 26 65 88 73 79 91 92 93 39 95 96 97 98 99 100 101 10 33 13 94 43 42 62 63 64 48 72 61 62 63 32 65 66 61 62 63 47
4 5 6 34 128 21 179 11 62 52 15 16 21 34 61 62 49 53 54 56 80 51 52 134 136 14 121 22 70 29 142 24 26 67 26 63 68 80 90 31 29 114 165 41 46 48 115 157 119 120 122 91 59 60 126 129 123 126 129 20 124 149 173 74 137 19 153 136 14 121 136 140 16 142 143 137 9 147 58 143
4 5 116 61 36 26 9 23 52 30 71 35 108 109 108 109 49 46 57 79 58 71 29 36 36 26 31 110 74 104 76 15 16 15 10 70 90 91 21 90 57 71 78 79 53 17 18 32 71 72 32 94 50 50 94 77 79 78 71 49 16 19 11 98 100 99 100 60 110 110 61 8 114 61 116
4 5 6 19 12 22 35 33 35 33 52 8 43 20 32 27 49 50 41 36 72 20 21 37 38 42 27 26 14 59 87 59 42 16 52 14 59 56 57 44 74 41 70 67 81 67 16 86 8 16 7 8 84 43 20 32 23 66 52 8 43 20 32 41 36 33 27 42 59 60 66 52 14 59 56 87 59 42 16 44
4 5 88 85 49 23 31 9 22 77 49 59 24 25 26 27 60 24 30 46 31 9 33 45 34 35 38 45 41 59 60 24 75 18 19 64 31 9 22 27 67 54 53 67 54 68 67 68 53 67 54 68 53 67 54 68 65 52 68 28 13 34 35 41 66 65 17 18 19 67 54 53 67 54 68 67 53 76 19 67
4 5 78 8 61 61 68 67 70 37 65 57 14 15 57 65 64 65 18 19 20 22 21 13 68 67 37 65 64 14 15 13 57 64 65 18 19 20 22 21 68 67 37 13 61 68 67 69 70 37 65 58 51 60 13 70 22 21 57 65 64 54 15 65 18 19 20 56 22 21 24 45 37 13 61 68 67 69 70 37
4 5 6 109 9 66 14 15 16 17 21 66 11 68 89 19 91 71 93 73 96 95 76 98 46 79 83 82 25 26 83 81 94 98 95 97 94 31 32 62 46 86 13 17 40 41 42 43 44 45 46 47 48 49 50 37 52 53 54 55 58 59 60 84 62 63 9 10 17 16 15 13 17 21 66 11 68 89 19 91
4 5 257 15 9 9 10 204 205 171 172 209 210 211 212 213 214 215 216 217 218 219 172 221 232 233 223 223 16 190 47 11 178 105 104 77 37 38 39 94 42 156 10 204 56 57 58 52 54 35 50 51 77 64 131 71 72 75 74 75 77 76 94 39 37 38 94 95 96 107 154 98 87 88 123 43 152 184 58 152
4 5 6 11 11 57 9 9 29 6 8 57 12 20 36 45 17 15 46 12 20 42 44 15 43 45 38 20 33 12 20 14 44 45 17 15 38 33 32 14 16 44 15 43 45 38 8 8 53 11 55 8 57
4 5 6 8 51 52 62 60 79 80 41 95 96 97 98 99 100 101 102 103 132 29 119 83 43 42 72 46 47 48 49 50 34 35 87 12 13 14 15 16 80 18 131 20 21 22 23 24 29 30 31 32 34 35 36 135 79 80 41 43 42 79 80 41 82 83 46 47 48 49 128 135 97 98 99 100 101 102 103 132
4 5 55 9 8 39 38 15 15 13 48 28 41 43 35 55 49 39 38 39 38 37 39 38 37 39 41 41 35 47 48 20 43 28 28 15 18 19 11 17 35 55 50 8 39 38 15 15 13 48 28 41 43 47 48 50 23 16 12 14 24 31 18 19 47 48 28 43 47 48 50 23 16 12 14 24 25 18 19 47
4 5 64 7 60 8 9 10 6 64 34 15 26 27 13 14 17 18 19 20 21 22 23 24 25 26 27 28 29 30 31 41 30 35 36 37 38 39 40 41 42 43 44 45 46 47 48 49 50 26 52 53 54 55 56 57 59 58 58 7 62 58 11
4 5 6 84 15 16 49 13 14 15 16 49 71 13 14 15 16 49 13 14 15 16 49 24 51 13 12 9 36 53 48 44 48 45 59 58 59 9 20 87 32 33 37 34 38 17 41 36 53 48 44 49 20 64 65 60 31 69 68 43 81 69 68 43 66 68 69 73 83 26 28 73 69 68 43 42 80 54 31 50
4 5 6 216 189 56 145 146 147 200 201 196 127 198 196 125 55 129 130 131 132 133 134 135 136 137 138 139 140 141 142 143 144 145 146 147 148 149 150 151 152 153 154 202 156 157 158 159 160 161 162 163 164 165 166 167 168 169 170 171 172 173 174 175 176 104 178 179 180 181 182 183 184 185 186 187 188 189 114 191
4 5 6 227 227 6 28 24 231 27 30 31 80 214 11 20 30 45 87 23 35 36 90 97 42 95 100 93 96 100 97 123 188 107 199 109 212 117 118 121 105 186 28 11 168 214 41 20 44 31 47 17 148 35 60 63 22 60 22 56 63 153 60 13 21 149 18 29 11 28 88 164 24 231 27 148 117 122 6 27
4 5 6 72 61 33 63 31 65 61 67 70 61 42 52 41 64 62 63 65 54 54 41 40 60 48 48 13 34 47 60 59 60 48 13 34 47 60 59 48 13 34 47 60 59 48 57 34 47 13 34 47 60 59 60 48 13 34 47 60 59 48 13 34 47 60 59 48 57 34 47 13 34 47 60 59 60 48 13 34
4 5 6 312 269 15 72 224 143 20 185 22 23 24 147 26 27 28 29 30 31 32 101 34 97 36 37 38 39 40 41 42 23 44 45 132 47 48 311 270 51 152 274 54 55 56 57 58 59 60 61 62 64 63 65 66 67 68 123 124 125 126 127 128 129 58 131 132 56 144 145 146 25 148 149 46 151 220 301 154
4 5 6 7 11 12 13 248 230 301 45 46 47 50 49 40 54 295 105 18 103 102 164 155 27 157 29 30 31 32 33 22 56 105 18 19 167 246 302 14 69 44 40 50 248 43 44 45 46 89 41 40 50 40 54 295 109 214 215 216 217 218 290 291 222 86 224 225 89 297 325 238 264 240 25 136 102 23 165 33
4 5 294 87 86 235 236 154 13 71 217 42 50 51 52 53 54 55 56 57 58 59 271 158 94 95 96 151 243 242 243 244 246 247 248 249 250 251 217 253 254 255 256 257 258 259 103 156 264 265 266 267 268 269 270 271 272 273 274 275 276 277 278 279 66 155 282 283 284 285 286 287 43 91 54 231 12 13 113 112
4 5 6 33 8 9 10 11 12 54 14 39 65 41 22 18 19 20 21 16 62 25 26 27 28 29 30 27 28 29 30 27 28 29 30 27 28 29 30 27 28 29 30 27 28 29 30 27 28 29 30 27 28 29 30 27 28 29 30 27 28 29 30 27 28 29 30 27 28 29 30 27 28 29 30 27 28 29 30 27
4 5 137 133 8 72 10 74 12 13 14 15 20 71 132 105 10 74 75 13 14 15 20 71 18 105 73 74 75 13 14 15 20 71 7 105 10 74 75 13 14 15 20 71 18 105 73 74 75 13 14 15 20 71 7 105 73 74 75 13 14 15 20 71 7 105 10 74 75 13 14 15 20 71 7 105 10 74 12 13
4 5 57 53 10 11 12 37 8 14 16 15 14 48 12 17 18 29 6 21 22 23 30 36 26 27 28 29 30 44 32 33 34 30 25 20 47 18 39 40 39 20 18 17 18 39 40 39 40 39 20 38 23 17 37 12 48 16 48 18 12 37 15 16 48 12 37 8 16 17 14 48 12 37 8 38 17 14 16 15
4 5 6 8 11 15 9 14 10 14 13 10 15 15 7 15 10 10 10 9 13 10 15 15 8 5 15 8 7 15 10 10 10 9 13 10 15
4 5 6 33 8 9 10 11 12 13 14 192 16 194 17 183 173 172 176 17 72 13 120 72 120 69 158 81 127 130 131 253 254 116 152 81 81 82 127 130 125 21 77 232 236 192 156 106 196 94 77 21 20 21 202 23 104 25 26 27 28 29 30 32 20 21 107 225 226 227 228 184 78 67 72 14 236 133 246 23
4 5 6 104 10 11 66 85 86 87 88 89 90 91 92 92 38 92 91 51 97 21 22 24 9 96 40 42 41 96 39 43 44 45 14 21 22 24 24 35 58 96 40 41 42 96 34 43 44 45 14 20 28 52 51 10 11 55 56 35 27 96 39 34 43 44 45 11 67 68 69 70 71 72 73 15 12 10 11 66
4 5 6 55 53 21 28 12 13 14 15 16 17 18 19 20 21 49 22 23 50 51 27 55 27 56 31 50 51 31 8 27 32 12 13 14 15 16 17 18 19 20 21 49 22 23 50 51 31 30 42 41 44 45 27 39 56 17 56 55 53 53 55 57 55 6
4 5 6 50 51 186 103 60 106 149 84 17 79 72 19 20 87 221 106 94 180 179 85 125 83 13 36 37 32 125 126 127 80 185 102 187 159 104 45 46 134 48 49 7 51 186 53 54 151 152 66 85 157 183 127 115 32 113 213 214 215 216 217 29 109 203 195 136 225 8 8 8 7 230 229 6
4 5 273 270 10 11 16 17 53 214 15 11 16 17 52 203 204 171 195 196 216 214 213 218 217 233 243 78 86 257 256 257 254 31 12 33 104 208 203 204 171 152 39 197 105 201 82 82 197 81 201 82 84 43 72 46 146 147 230 83 61 86 83 229 29 40 231 232 86 238 57 240 86 238 57 56 59 42 177 250
4 5 284 281 238 71 69 66 270 53 218 210 132 171 142 138 141 107 145 62 204 205 204 27 139 262 113 256 56 120 121 109 31 34 186 175 131 132 223 63 75 39 40 46 47 263 118 117 10 222 123 167 20 21 160 172 22 23 91 90 162 108 109 34 118 117 46 45 46 131 88 223 63 222 99 86 95 90 162 23
4 5 6 60 63 25 26 17 29 30 20 20 17 28 29 35 36 18 19 12 10 18 19 52 22 57 22 24 24 23 26 28 29 35 36 18 11 12 10 12 16 37 32 23 38 39 20 26 28 29 30 20 20 17 29 30 54 16 12 11 10 37 23 39 24 22 45 52 24 24 49 28 29 35 36 57 22 12 55 54
4 5 229 7 51 101 53 60 105 76 84 17 79 72 19 20 171 218 105 93 177 176 85 124 83 13 36 69 32 124 125 126 127 128 80 130 131 48 77 49 51 197 102 54 55 56 90 21 23 67 66 173 149 65 179 180 183 184 157 158 159 215 18 145 185 74 75 81 49 8 8 8 7 227 8 6
4 5 40 37 7 8 9 10 11 26 16 17 19 8 9 10 24 21 21 15 25 12 25 37 37 37 37 25 38 36 6 6 6 40
4 5 176 171 65 81 85 82 80 81 85 82 145 84 115 116 56 57 58 59 60 61 62 63 64 65 66 67 149 69 69 22 23 24 34 27 27 100 108 44 45 46 47 48 14 164 51 52 53 54 55 56 57 58 59 60 61 62 63 64 65 66 67 149 69 69 22 23 24 34 71 27 100 108 44 45 46 47 48 14
4 5 6 23 21 100 101 13 24 10 31 12 13 14 37 40 43 46 28 42 40 88 29 36 39 87 87 37 77 95 19 21 19 62 64 48 101 104 21 100 101 49 103 96 104 30 31 22 7 24 10 26 57 82 46 45 33 24 10 26 52 38 27 80 28 46 45 85 91 95 90 92 57 82 81 82 33 94 95 90
4 5 6 73 8 23 58 12 13 14 15 16 17 18 19 20 21 70 23 24 12 26 27 28 29 30 31 32 12 34 35 36 37 38 39 40 41 42 43 44 45 46 47 48 49 50 51 52 53 54 55 56 27 38 24 59 20 61 18 19 17 21 70 70 72 22 74 70 76
4 5 66 108 22 92 24 25 26 27 28 29 89 46 32 33 101 65 66 96 38 39 40 97 42 43 44 46 60 47 48 49 50 51 52 53 54 55 56 57 58 66 46 61 62 63 64 35 66 67 66 69 70 71 72 73 74 75 76 77 78 79 80 81 40 83 84 85 86 87 88 30 90 91 92 93 94 95 96 41
4 5 130 127 127 130 9 118 12 16 15 21 20 23 24 21 9 10 12 16 36 13 14 14 29 15 18 21 22 50 24 29 63 74 10 33 95 96 97 93 113 114 74 120 76 102 103 104 80 91 107 89 80 89 61 108 89 87 107 108 89 108 89 107 80 89 80 89 107 108 89 107 80 89 108 89 107 80 89 108
4 5 71 65 7 6 23 10 11 15 44 40 10 63 14 17 41 17 49 54 31 44 55 56 64 18 40 44 50 9 62 63 17 41 17 49 54 31 21 41 15 20 21 41 17 49 44 55 56 35 52 64 18 40 44 55 52 64 18 40 44 55 52 64 18 40 44 50 49 35 20 21 41 17 49 65 65 65 7 69
4 5 141 14 20 101 37 66 100 20 10 41 21 22 23 128 126 76 76 102 125 28 26 125 28 59 52 130 7 37 38 39 53 97 82 83 84 47 41 124 56 85 110 61 60 28 27 50 99 39 41 124 47 23 83 73 73 64 59 52 82 83 84 47 41 40 116 37 38 67 61 78 128 101 69 45 87 68 94 89
4 5 129 105 8 86 10 11 12 13 14 15 16 45 18 19 98 51 111 71 22 23 69 70 94 27 28 45 31 32 33 34 35 36 37 38 39 40 41 42 43 30 46 46 50 51 128 53 75 55 56 57 58 59 60 54 62 63 64 65 66 67 68 69 70 71 72 73 74 75 76 77 78 79 61 81 16 84 85 9
4 5 6 144 14 13 11 28 107 105 17 113 40 16 109 15 121 32 124 38 138 10 11 90 83 90 81 100 102 101 99 98 128 140 74 75 79 80 42 128 72 21 22 67 83 90 84 101 99 98 97 100 102 101 98 135 115 116 139 114 142 140 140 57 42 134 72 69 67 128 121 47 124 88 91 93 90 101 102 99
4 119 104 251 76 177 187 188 189 190 192 193 192 176 50 61 62 63 108 51 18 25 99 21 63 52 117 182 124 125 64 188 189 190 215 219 165 219 220 36 67 124 127 194 191 192 193 205 189 161 211 219 33 215 216 165 217 219 237 239 200 70 15 240 249 217 191 192 193 48 123 252
4 5 70 32 61 16 8 9 10 12 13 14 15 16 17 18 19 20 38 22 23 23 17 18 19 20 21 22 23 62 63 19 29 30 18 26 9
4 5 6 49 12 47 16 18 19 17 24 25 36 45 28 30 29 34 11 33 41 39 17 19 18 42 26 37 46 18 19 17 29 33 34 11 33 34 29 30 29 11 36 37 14 18 39 17 19 50 50 50 49 53 51 55
4 5 57 51 11 32 15 46 10 11 32 52 16 48 18 30 33 34 52 16 48 14 30 32 49 11 32 52 16 48 18 30 33 34 32 15 46 10 11 32 52 48 18 30 33 34 7 12 33 14 30 49 32 10 16 33 18 30 49 32 15 11 10 52 52 16 48 14 30 48 34 32 17 14 15 46 10 11 32 52
4 5 6 90 29 94 38 39 18 33 74 56 53 34 35 54 71 72 74 15 72 16 42 56 51 77 50 51 77 50 52 23 52 75 71 56 54 55 21 56 78 79 25 46 23 77 51 77 50 51 75 16 73 45 75 21 54 55 56 57 53 34 54 51 77 50 77 51 23 52 75 16 42 39 40 75 45 22 21 57
4 5 7 85 52 36 63 38 34 31 40 32 16 29 51 42 35 65 83 24 50 51 51 25 32 16 17 9 43 10 11 13 12 11 7 52 36 16 38 34 32 31 81 34 33 41 51 42 35 65 62 50 51 83 9 43 10 45 11 23 11 13 14 36 63 38 34 40 31 32 34 40 33 41 51 42 35 65 83 62
4 5 6 50 50 208 167 86 87 180 138 232 71 216 219 184 39 17 11 12 13 14 15 154 82 52 53 205 208 15 214 219 201 39 21 22 77 154 185 32 33 131 154 191 179 183 163 182 46 147 113 30 112 139 22 77 130 131 132 185 134 56 164 94 214 219 216 220 21 11 12 13 14 15 154 82 52 53 205 208
4 5 81 80 36 9 38 39 12 13 14 15 16 17 19 18 20 32 22 23 24 25 26 36 74 38 50 12 13 14 15 16 17 18 19 20 32 22 23 45 46 80 28 9 10 50 12 13 14 15 16 17 52 53 54 55 56 57 58 59 60 61 62 63 63 64 65 66 67 68 69 70 29 72 31 74 75 80 7 78
4 5 6 8 11 12 13 245 48 45 46 42 50 78 49 299 54 40 50 78 40 50 245 10 49 311 79 21 312 313 63 64 65 66 67 305 69 71 72 73 8 75 232 233 78 79 285 81 287 288 289 85 291 87 16 42 78 91 92 7 260 111 112 97 98 99 56 162 103 104 33 163 164 165 166 167 168 169 170 171
4 5 6 134 8 8 108 29 46 114 55 35 16 17 114 19 76 77 21 22 23 36 37 26 29 36 37 26 29 30 20 32 33 34 35 36 37 38 39 40 12 42 43 29 46 114 30 14 75 76 77 21 22 23 55 125 107 108 19 113 43 29 101 115 116 32 33 34 93 109 127 117 12 119 120 121 122 115 102 50
4 5 6 121 75 100 38 13 79 15 52 53 18 19 70 84 21 22 23 24 25 26 27 28 29 30 100 84 96 34 35 36 37 84 39 40 41 42 84 44 45 46 47 48 49 50 51 16 53 54 55 56 92 58 59 60 61 62 63 64 65 66 67 68 69 70 71 72 73 55 75 76 77 84 102 81 82 100 84 79
4 5 6 8 48 96 97 98 131 119 120 35 27 132 76 68 67 31 14 46 85 52 55 16 53 15 23 24 82 83 106 108 108 79 133 83 110 106 108 79 133 89 90 141 96 50 143 68 36 44 19 128 52 18 58 15 23 24 82 83 106 108 108 79 155 156 157 158 159 47 47 47 8 164 47 166
4 5 203 198 198 63 22 23 68 25 26 27 28 191 30 31 32 165 34 35 36 37 38 39 40 41 42 43 77 78 79 80 81 82 83 91 135 136 137 138 139 140 141 142 143 144 145 146 147 148 149 150 119 152 153 154 155 156 157 158 159 119 56 162 163 164 33 166 167 168 169 170 171 172 173 174 175 176 27 32
4 5 178 158 12 13 14 45 148 16 17 14 80 84 40 40 26 32 21 111 61 167 169 170 171 99 64 64 121 176 99 178 110 73 112 8 104 92 162 165 58 169 170 171 106 121 91 13 14 83 80 148 149 151 148 149 150 90 146 156 18 48 19 104 75 83 116 110 112 73 86 110 74 30 61 105 167 169 170 171
4 5 6 52 26 14 15 61 13 14 16 17 18 19 79 21 22 23 24 65 40 100 37 105 26 107 108 105 106 107 108 23 96 35 36 35 73 40 58 57 56 64 82 30 99 74 31 50 11 12 13 14 15 14 61 109 110 16 97 98 99 100 37 19 79 21 22 95 24 35 36 37 38 39 40 56 73 30 44 115
4 5 6 58 8 8 49 26 34 47 18 21 22 24 22 21 15 17 52 51 13 51 10 24 22 21 15 30 31 45 17 35 52 51 10 53 18 53 21 22 24 15 26 51 52 37 41 17 35 31 32 46 13 44 32 38 39 37 46 41 43 31 32 46 13 31 32 11 37 38 39 31 45 46 13 44 32 53 53 51
4 5 222 216 11 147 150 108 37 14 158 129 121 21 91 197 36 200 128 85 100 183 123 126 26 213 214 215 219 202 161 210 151 144 125 126 190 143 140 51 152 140 147 150 77 115 146 119 120 209 209 38 169 29 160 31 21 13 197 36 200 128 85 100 183 123 126 22 213 214 215 219 202 161 210 151 144 125 126 190
4 5 6 7 8 9 10 211 171 13 17 35 26 20 21 22 23 24 25 23 27 101 102 103 134 101 151 67 21 56 45 49 50 51 52 53 54 55 50 57 58 59 60 61 62 63 64 65 66 67 68 69 70 71 72 60 35 42 67 28 33 95 96 81 33 129 45 76 145 78 160 30 31 32 79 89 90 84 29 197
4 5 6 7 8 9 48 11 12 13 14 35 38 17 90 19 20 21 22 23 24 25 26 27 28 116 30 31 86 33 34 35 36 37 38 39 40 41 42 52 44 45 46 47 10 11 50 51 52 53 54 55 56 57 58 59 60 61 62 63 79 65 145 67 68 29 70 71 72 73 74 48 76 77 78 79 80 81 82 83
4 5 116 115 52 52 56 57 58 65 72 42 96 63 64 71 72 67 68 99 98 84 97 21 99 39 85 99 39 84 88 102 103 68 34 93 94 95 106 107 108 109 20 21 13 90 58 71 66 75 34 34 25 26 27 28 30 30 46 47 46 45 17 90 89 21 79 15 30 100 105 33 27 28 30 30 12 113 112 63
4 5 6 127 8 10 11 16 17 18 124 62 88 33 67 64 66 87 88 19 33 49 19 18 88 33 67 93 95 95 17 18 71 62 92 95 95 17 18 71 62 66 33 67 64 34 27 87 88 19 33 67 93 95 95 17 18 71 62 66 33 67 64 65 87 27 95 95 17 18 71 62 92 95 95 17 18 71 62 66
4 5 23 118 60 81 87 28 84 97 115 52 90 88 89 98 93 90 88 98 93 90 53 41 42 29 115 52 90 93 94 98 79 110 97 98 29 115 61 86 85 84 60 110 97 98 88 89 53 47 101 105 14 108 63 19 61 42 78 41 29 115 91 90 88 93 112 95 20 39 112 88 89 98 53 97 84 110 112 88
4 5 6 190 8 9 25 96 47 48 49 50 51 52 53 54 55 56 57 58 59 60 61 62 63 64 65 66 67 68 69 70 71 72 125 74 30 77 78 79 80 81 82 83 84 85 86 87 88 89 90 91 92 93 94 25 96 47 98 152 100 101 102 103 104 105 106 107 108 109 96 111 112 113 114 115 116 117 118 119
4 5 6 27 10 10 29 105 67 72 8 28 31 68 101 35 36 58 8 60 61 62 64 43 67 41 60 61 62 64 42 67 68 94 70 72 86 87 88 104 98 62 64 43 73 64 61 63 91 91 73 64 91 73 43 67 79 82 18 72 99 100 94 70 65 14 98 35 46 42 73 64 62 43 73 64 91 73 63 91
4 5 73 67 14 14 41 33 40 32 63 41 42 19 18 17 39 51 50 60 26 56 36 29 32 33 40 44 34 56 36 37 65 39 32 63 63 40 17 19 64 42 44 34 56 36 37 59 60 44 59 60 10 11 54 18 17 19 64 10 53 54 51 50 61 32 33 40 63 41 47 48 42 19 18 42 19 18 17 65
4 5 6 58 8 9 10 11 12 13 14 15 16 17 25 19 20 21 22 23 26 24 25 27 24 27 37 33 39 50 43 33 34 47 48 24 25 22 26 27 47 46 15 16 17 25 19 20 21 22 23 26 24 27 47 14 27 37 33 39 50 31 32 49 38 34 35 36 37 33 39 50 43 33 45 22 41 42 24 15
4 5 53 49 8 8 14 38 38 39 22 23 29 14 30 28 19 29 24 34 35 26 46 39 33 27 39 38 18 20 18 19 20 12 23 29 46 46 39 38 33 27 39 38 18 20 19 28 25 36 29 46 27 44 42 38 33 39 38 39 43 21 46 45 42 38 17 35 36 39 38 20 18 19 15 17 31 40 28 19
4 5 15 92 8 33 34 24 18 17 22 23 24 25 26 27 28 29 31 30 33 34 6 28 29 36 37 38 87 40 20 63 62 61 25 44 50 51 57 58 59 60 61 62 63 61 22 23 24 26 27 28 29 31 33 34 6 28 37 38 57 53 37 38 87 53 42 43 44 45 46 47 48 49 50 51 57 53 54 55
4 5 6 7 8 7 10 183 70 29 28 20 15 77 17 18 67 14 22 23 24 25 102 26 127 128 40 40 69 59 97 31 99 100 22 101 118 98 99 26 102 103 25 102 26 127 128 158 129 130 168 169 170 171 134 109 34 98 147 33 34 39 108 106 107 108 38 37 59 133 134 87 86 156 171 134 36 37 35 37
4 5 6 36 25 25 31 10 24 25 31 29 30 41 16 23 19 14 13 14 39 40 21 38 47 46 9 18 11 20 18 11 21 10 19 38 25 10 19 27 30 41 16 10 19 14 13 46
4 5 367 237 11 12 13 259 41 45 46 42 50 78 40 243 54 49 50 154 27 261 156 157 347 216 133 84 178 222 87 16 89 234 236 361 249 111 328 97 98 99 224 164 23 103 33 162 104 164 165 166 167 168 169 170 352 353 354 160 14 183 94 111 186 38 315 316 74 79 300 301 83 220 221 306 307 16 309 325
4 5 126 120 11 14 58 19 20 101 100 106 42 34 57 46 43 69 15 17 17 63 17 15 8 109 102 103 75 136 22 100 18 20 100 14 58 102 103 87 38 12 40 137 130 88 48 32 13 63 137 65 90 89 88 58 19 28 101 21 27 23 27 136 25 24 72 72 73 115 73 116 81 75 80 107 108 77 75 111
4 5 113 7 8 84 10 11 12 13 14 15 16 45 18 19 96 21 91 23 68 25 92 27 28 45 31 32 33 34 35 36 37 38 39 40 41 42 43 30 46 47 48 49 21 51 52 79 54 55 56 57 58 59 79 61 62 63 64 65 66 67 24 25 70 71 72 73 79 75 76 77 78 60 80 16 82 83 9 85
4 5 59 26 8 10 12 13 14 15 15 12 17 20 48 45 21 22 18 45 51 15 36 34 35 14 15 12 17 31 32 33 19 21 22 8 45 12 13 14 15 35 34 36 48 22 25 28 29 30 31 32 33 19 47 36 35 34 41 40 41 49 30 40 41 29 50 51 15 51 15 12 17 13 14 15 15 36 34 35
4 5 6 7 24 6 47 47 44 45 45 24 6 27 51 35 35 47 47 32 32 47 24 6 47 51 9 10 16 17 34 30 11 39 19 15 34 32 44 45 45 44 45 24 11 17 34 35 35 45 44 45 32 34 30 40 31 35 35 45 44 45 32 34 30 40 31 35 35 45 44 45 32 34 10 50 50 8 56 50
4 5 6 7 8 49 21 33 12 13 14 15 16 17 18 19 28 29 26 25 24 27 28 12 38 36 37 37 38 39 35 36 37 38 6 28 29 61 62 63 64 31 40 11 46 45 43 36 37 38 39 10 11 42 43 44 34 46 47 48 49 40 51 52 53 54 55 56 57 58 59 60 61 62 63 65 65 65 7 68
4 5 112 108 8 83 10 11 12 13 14 15 80 17 18 19 95 21 22 23 67 68 26 27 28 17 30 31 32 33 34 35 36 37 38 39 40 41 42 29 45 46 47 48 21 7 51 73 53 54 55 56 57 58 59 60 61 62 63 64 65 66 67 68 69 70 71 72 59 74 75 76 77 52 79 80 81 82 9 84
4 5 121 7 91 42 52 53 75 38 113 93 114 58 37 95 96 105 98 70 100 90 104 68 103 104 68 103 104 94 71 35 36 37 38 70 41 93 8 41 66 8 67 102 103 104 102 103 104 102 90 23 109 25 110 22 54 38 111 77 45 79 80 81 46 47 48 27 65 111 100 114 111 99 41 56 57 58 23 24
4 5 7 14 10 23 25 34 11 40 39 26 27 28 7 33 34 22 23 25 26 27 28 8 33 34 22 26 27 28 7 43 17 14 10 7 14 10 21 15 21 10 15 21 22 21 35 23 25 26 27 28 8 33 34 22 17 19 26 27 28 7 43
4 5 168 33 29 6 44 31 46 96 28 84 130 44 31 46 79 81 46 18 19 20 149 22 34 96 33 48 44 31 46 79 81 82 20 19 18 147 14 14 148 64 57 106 132 150 79 74 74 134 51 131 132 15 26 136 135 52 152 12 150 135 114 116 76 135 136 154 20 18 141 20 17 96 28 84 37 26 48 119
4 5 6 63 60 60 11 12 14 47 21 52 53 54 55 51 21 47 19 22 30 42 10 8 9 10 8 9 33 35 11 33 9 35 33 9 35 33 9 35 33 9 42 8 9 43 47 52 53 54 55 51 21 47 13 19 47 52 53 54 55 51 21 47 13 12 47 52 53 54 55 51 21 47 13 19 18 50 8 9
4 5 6 78 42 8 38 64 66 67 19 69 70 71 16 74 10 47 48 29 52 55 57 23 24 55 58 23 24 56 12 13 44 50 19 25 7 26 27 28 23 24 25 25 69 12 13 8 14 15 16 66 18 19 7 20 27 22 23 24 25 25 69 12 13 8 63 25 15 72 17 18 19 7 20 27 22 23 24 25
4 5 121 7 8 9 121 54 62 64 65 9 11 57 56 35 6 73 74 75 76 100 77 46 47 48 49 50 39 25 79 108 29 32 36 35 33 37 55 25 41 108 35 33 37 25 41 31 35 33 37 25 55 116 103 30 24 21 12 14 84 49 102 81 102 62 92 114 90 21 103 79 24 61 15 20 19 17 18 19
4 5 6 46 47 6 39 40 41 42 41 40 41 9 23 27 20 22 24 8 27 9 23 37 22 24 22 20 30 16 17 35 33 17 35 33 17 42 41 22 12 24 9 23 20 40 39 22 41 42 43 46 37 38 38 39 40 41 42 43 46 45 45 45 30 48 45 6
4 5 19 142 92 94 14 11 12 13 14 15 30 138 32 30 78 119 96 57 42 43 21 93 107 108 97 106 131 100 29 28 104 101 44 110 51 103 81 104 101 105 50 51 103 81 101 104 134 135 11 12 13 14 15 71 138 32 119 36 139 119 98 131 100 55 43 96 97 106 107 108 86 37 67 118 119 51 116 112
4 5 6 7 8 9 10 11 12 13 14 15 81 30 18 19 20 21 22 23 24 69 26 27 28 30 45 32 33 34 35 36 37 38 39 40 41 42 43 45 46 47 48 49 50 107 52 60 54 55 56 57 58 59 53 61 62 63 64 65 66 67 68 69 70 71 72 73 53 75 76 77 78 79 80 81 82 83 9 85
4 5 31 7 9 10 11 24 12 12 16 13 14 21 10 11 15 16 24 12 19 15 16 15 16 21 23 19 10 14 15 16 24 12 13 14 15 16 24 12 12 24 15 16 15 16 21 23 19 15 16 24 12 13 14 15 16 24 12 12 24 15 16 15 16 21 23 19 15 16 24 12 10 14 15 16 24 12 12 24
4 5 123 12 35 51 77 92 32 101 44 101 95 97 98 32 44 101 31 63 43 18 23 97 39 51 41 109 65 66 67 36 109 10 79 15 105 113 73 98 44 31 36 10 73 29 109 65 66 65 109 10 105 113 95 96 29 79 80 55 58 78 47 78 47 78 95 96 47 78 47 78 47 78 47 105 32 44 84 84
4 5 125 128 8 134 28 29 30 31 32 33 34 35 36 37 38 39 40 128 42 47 48 45 42 47 48 49 50 51 52 53 54 55 56 85 19 46 60 61 62 63 64 65 66 67 68 69 70 71 72 73 74 75 76 77 78 79 80 81 16 83 84 57 86 87 82 89 90 91 92 93 42 47 96 97 98 99 100 101
4 5 6 7 8 9 10 19 14 13 16 15 12 18 15 20 180 21 121 24 90 105 27 28 29 30 89 32 33 140 141 57 41 137 138 112 114 150 149 46 47 127 49 134 135 52 53 123 124 125 126 127 49 52 130 131 132 80 134 51 136 37 138 139 34 141 57 58 59 145 146 147 148 149 150 151 70 153 154 155
4 5 6 40 8 45 9 10 18 11 13 15 37 38 26 26 24 14 29 16 17 18 19 23 21 20 26 26 24 14 29 22 23 27 30 9 10 18 11 20 15 26 26 14 22 23 15 27 36 6 25 26 15 24 14 29 22 23 27 14 29 24 41 18 19 20 15 21 13 22 23 26 14 29 24 14 16 17 18 19
4 5 203 67 8 9 10 11 12 13 14 159 16 17 18 19 20 21 22 24 25 26 27 28 16 17 18 19 20 21 22 27 25 26 27 28 16 17 18 19 20 21 22 27 25 26 27 28 16 17 18 19 20 21 22 27 25 26 27 28 16 17 18 19 20 21 22 27 25 26 27 28 16 17 18 19 20 21 22 27
4 5 61 60 12 9 16 20 40 12 8 16 16 38 10 40 12 9 16 16 38 39 40 12 43 44 34 21 22 52 53 54 18 18 32 27 28 29 30 31 31 33 34 11 36 37 38 10 40 41 17 16 38 10 40 41 48 45 46 47 48 49 50 51 52 53 54 19 55 55 42 59 19 6
4 5 78 75 10 69 70 16 23 56 61 17 23 17 17 40 26 11 27 70 16 43 53 42 22 31 36 13 20 34 40 50 51 52 46 46 40 54 35 36 33 49 43 45 46 44 46 40 17 58 59 60 14 30 12 13 38 20 34 50 51 52 50 58 51 52 46 46 44 46 18 17 58 59 60 14 30 36 13 38
4 5 6 63 64 65 86 10 71 72 85 65 86 10 45 17 18 40 83 91 69 93 13 16 68 15 49 68 16 56 69 57 56 35 30 66 27 80 47 46 40 69 35 30 18 17 18 17 21 82 83 55 24 59 13 68 15 16 49 68 16 56 69 35 30 69 35 73 56 57 78 77 57 78 77 11 76 71 72 77
4 5 6 7 11 65 60 69 10 64 76 33 57 73 71 69 64 76 10 35 74 76 71 69 41 42 43 44 19 49 24 55 84 24 82 22 30 30 55 47 81 81 55 22 30 33 73 57 69 64 76 40 33 73 57 59 64 76 10 35 74 76 71 69 41 42 43 44 19 24 55 84 24 55 22 30 58 30 47 82
4 5 82 28 72 75 73 74 75 77 78 79 80 81 66 29 36 47 48 49 50 51 52 53 54 55 56 57 58 59 60 61 62 63 64 65 66 67 68 69 70 71 72 73 74 75 76 77 78 79 80 81 10 83
