4 5 145 7 34 20 20 20 20 119 26 26 26 80 138 138 138 138 138 138 138 138 138 138 138 138 138 138 138 138 138 138 138 138 138 138 138 138 138 138 138 138 138 138 138 138 138 138 138 138 138 138 138 138 138 138 138 138 138 138 138 138 138 138 138 138 138 138 138 138 138 138 138 138 138 138 138 138 138 138
4 5 6 136 11 12 27 12 27 27 28 86 68 32 15 122 78 78 78 97 97 98 97 97 78 78 78 97 98 97 97 78 78 97 98 97 97 78 78 97 98 97 97 78 78 97 98 97 97 78 78 97 98 97 97 78 78 97 98 97 97 78 78 97 98 97 97 78 78 97 98 97 97 78 78 97 98 97 97 78
4 5 34 30 29 6 24 6 24 6 24 6 24 6 29 20 15 20 13 20 15 16 20 19 20 19 8 8 8 8 29 32 30 34
4 117 118 121 120 121 5 6 7 27 28 29 30 31 11 12 12 12 14 104 104 104 104 104 104 104 104 104 104 104 104 104 104 104 104 104 104 104 104 104 104 104 104 104 104 104 104 104 104 104 104 104 104 104 104 104 104 104 104 104 104 104 104 104 104 104 104 104 104 104 104 104 104 104 104 104 104 104 104 104
4 5 58 52 10 10 9 10 9 27 23 23 24 24 24 24 24 25 24 24 24 24 24 25 24 24 24 24 25 24 24 24 24 25 24 24 24 25 24 24 24 25 24 24 24 25 24 24 24 25 24 24 24 25 24 24 24 25 24 24 24 25 24 24 24 25 24 24 24 25 24 24 24 25 24 24 24 25 24 24
4 5 6 76 61 81 79 12 79 12 79 12 79 12 79 12 79 80 81 72 73 73 73 61 14 15 22 18 27 41 41 41 42 45 45 45 45 45 45 45 45 45 45 45 45 45 45 45 45 45 45 45 45 45 45 45 45 45 45 45 45 45 45 45 45 45 45 45 45 45 45 45 45 45 45 45 45 45 45 45
4 5 6 7 9 9 18 14 14 14 14 16 21 23 22 23 24 24 24 24 24 24 24 24 24 24 24 24 24 24 24 24 24 24 24 24 24 24 24 24 24 24 24 24 24 24 24 24 24 24 24 24 24 24 24 24 24 24 24 24 24 24 24 24 24 24 24 24 24 24 24 24 24 24 24 24 24 24 24 24
4 5 241 231 233 233 234 232 234 232 234 232 234 232 233 31 32 100 143 190 190 125 157 66 63 158 159 160 161 150 150 150 150 161 55 55 75 75 76 162 131 13 13 224 228 89 14 14 14 224 228 14 14 14 14 224 228 14 14 14 14 224 228 14 14 14 14 224 228 14 14 14 14 224 228 14 14 14 14 224
4 5 84 79 8 9 25 35 25 35 35 23 22 23 25 35 35 29 29 37 76 31 41 42 17 44 54 77 54 77 26 26 26 46 50 52 53 55 54 77 77 26 50 52 58 55 58 59 13 61 62 62 63 68 70 71 71 64 17 18 40 70 70 71 71 71 71 71 75 75 75 76 75 75 75 80 80 80 79 79
4 5 52 47 8 8 10 11 12 12 16 17 17 17 15 17 17 17 17 17 15 17 17 17 17 17 15 17 17 17 17 17 15 17 17 17 17 17 15 17 17 17 17 17 15 17 17 17 17 17 15 17 17 17 17 17 15 17 17 17 17 17 15 17 17 17 17 17 15 17 17 17 17 17 15 17 17 17 17 17
4 5 71 54 45 6 59 59 59 14 14 63 57 42 28 28 28 51 51 51 28 28 28 27 25 28 28 27 25 28 28 27 25 28 28 27 25 28 28 27 25 28 28 27 25 28 28 27 25 28 28 27 25 28 28 27 25 28 28 27 25 28 28 27 25 28 28 27 25 28 28 27 25 28 28 27 25 28 28 27
4 5 6 5 99 45 83 47 66 16 66 16 16 100 100 71 49 45 50 68 16 100 101 100 71 49 95 94 43 43 43 43 62 30 71 49 83 68 98 107 107 81 81 81 81 81 43 43 94 7 7 94 94 43 43 43 62 30 71 49 83 68 98 107 107 31 38 39 33 33 90 41 6 6 5 99 45 83 47 66
4 5 53 8 7 53 16 10 11 39 40 41 41 39 41 41 41 41 41 41 39 41 41 41 41 41 41 41 39 41 41 41 41 41 41 41 39 41 41 41 41 41 41 41 39 41 41 41 41 41 41 41 39 41 41 41 41 41 41 41 39 41 41 41 41 41 41 41 39 41 41 41 41 41 41 41 39 41 41 41
4 5 114 50 8 10 11 12 13 14 15 19 19 20 49 22 23 67 68 92 93 94 95 96 97 97 100 101 101 101 103 104 105 106 106 110 110 110 110 7 112 50 6
4 5 6 219 29 30 210 47 9 25 9 9 9 185 78 38 78 36 36 206 36 206 36 206 36 206 36 206 36 206 36 206 36 206 36 206 36 206 36 206 36 206 36 206 36 206 36 206 36 206 36 206 36 206 36 206 36 206 36 206 36 206 36 206 36 206 36 206 36 206 36 206 36 206 36 206 36 206 36 206
4 5 113 102 8 10 11 12 13 14 15 19 19 96 21 22 23 68 69 92 93 94 95 96 97 97 100 101 101 101 104 105 106 106 108 108 108 108 7 111 51 6
4 5 16 8 7 6 7 9 8 8 8 8 8 8 8 8 8 8 8 8 8 8 8 8 8 8 8 8 8 8 8 8 8 8 8 8 8 8 8 8 8 8 8 8 8 8 8 8 8 8 8 8 8 8 8 8 8 8 8 8 8 8 8 8 8 8 8 7 12 8 8 8 8 8 8 8 8 8 8 8
4 5 6 52 195 53 11 15 16 11 13 16 14 16 14 17 154 153 34 153 164 153 164 153 165 153 34 153 164 153 165 153 34 153 34 153 165 153 34 153 34 153 165 153 34 153 34 153 165 153 34 153 34 153 165 153 34 153 34 153 165 153 34 153 34 153 165 153 34 153 34 153 165 153 34 153 34 153 165 153
4 5 47 7 73 23 48 48 58 56 58 56 58 56 58 57 58 62 44 48 51 52 55 55 55 38 57 56 58 56 58 57 62 44 23 73 73 23 8 23 44 26 12 42 30 42 43 43 42 30 39 40 40 41 40 39 40 41 40 39 40 41 40 39 41 40 39 40 41 40 39 40 41 40 39 40 41 40 39 41
4 5 370 7 10 9 11 10 179 51 179 224 285 77 77 18 18 134 22 295 294 297 297 297 22 224 285 18 18 56 22 15 141 150 143 184 184 31 40 31 43 45 161 243 162 162 163 27 113 106 354 203 200 120 200 166 304 302 302 134 118 77 284 297 297 297 297 297 22 224 285 18 18 118 77 22 15 141 150 151
4 5 6 8 67 9 67 67 90 90 90 76 76 76 76 76 76 76 76 59 32 23 38 55 44 43 43 43 28 49 49 49 49 49 45 42 43 43 43 42 28 28 43 28 49 49 49 49 49 45 42 43 43 43 45 49 49 49 49 49 45 42 43 43 43 45 49 49 49 49 49 45 42 43 43 43 45 49 49 49
4 5 207 8 9 9 53 72 55 56 57 59 58 60 61 62 67 21 69 70 68 116 116 117 117 128 128 128 128 129 160 165 39 83 83 109 160 165 39 39 164 165 39 39 164 165 39 39 164 165 39 39 164 165 39 39 164 165 39 39 164 165 39 39 164 165 39 39 164 165 39 39 164 165 39 39 164 165 39 39
4 5 54 171 8 13 154 114 111 114 114 111 114 89 114 89 114 23 68 160 154 114 89 89 114 111 114 89 114 23 68 160 154 154 114 89 89 114 111 114 89 114 23 68 160 154 154 114 89 89 114 111 114 89 114 23 68 160 154 154 114 89 89 114 111 114 89 114 23 68 160 154 154 114 89 89 114 111 114 89
4 5 6 86 21 9 9 45 45 15 16 18 19 19 49 50 32 37 38 38 38 38 18 45 45 43 16 45 45 19 49 50 32 33 38 38 38 38 38 18 45 45 43 16 40 20 40 23 23 23 23 35 20 40 45 45 15 16 18 19 49 50 32 33 38 38 38 38 18 45 45 43 16 45 45 19 49 50 32 37
4 5 6 9 8 24 24 24 22 22 23 24 22 23 24 24 24 24 24 24 24 24 24 24 24 24 24 24 24 24 24 24 24 24 24 24 24 24 24 24 24 24 24 24 24 24 24 24 24 24 24 24 24 24 24 24 24 24 24 24 24 24 24 24 24 24 24 24 24 24 24 24 24 24 24 24 24 24 24 24
4 5 6 8 10 107 12 103 58 121 136 112 112 132 112 112 112 112 120 63 120 89 89 89 89 19 19 19 19 158 89 89 89 89 19 19 19 158 89 89 89 89 19 19 19 19 158 89 89 89 89 19 19 19 19 158 89 89 89 89 19 19 19 19 158 89 89 89 89 19 19 19 19 158 89 89 89 89 19 19
4 5 6 121 76 71 72 87 88 87 88 89 90 91 65 65 65 95 108 118 110 118 118 118 118 118 118 118 118 118 118 118 118 118 118 118 118 118 118 118 118 118 118 118 118 118 118 118 118 118 118 118 118 118 118 118 118 118 118 118 118 118 118 118 118 118 118 118 118 118 118 118 118 118 118 118 118 118 118 118
4 5 158 152 22 83 83 148 24 60 130 30 60 130 61 61 76 140 138 50 140 143 151 151 151 151 151 151 151 151 151 151 151 151 151 151 151 151 151 151 151 151 151 151 151 151 151 151 151 151 151 151 151 151 151 151 151 151 151 151 151 151 151 151 151 151 151 151 151 151 151 151 151 151 151 151 151 151 151 151
4 5 6 69 19 37 47 39 53 57 57 53 57 54 54 54 54 54 54 53 57 17 17 13 8 37 47 48 25 26 56 14 14 14 12 30 32 32 32 32 32 30 32 32 32 32 32 32 30 32 32 32 32 32 32 30 32 32 32 32 32 32 30 32 32 32 32 32 32 30 32 32 32 32 32 32 30 32 32 32
4 5 270 266 10 248 252 10 248 252 10 248 252 10 248 252 10 248 252 10 248 252 10 248 252 10 248 252 10 248 252 10 248 252 10 248 252 10 248 252 10 248 252 10 248 252 10 248 252 10 248 252 10 248 252 10 248 252 10 248 252 10 248 252 10 248 252 10 248 252 10 248 252 10 248 252 10 248 252 10
4 5 6 46 47 51 64 94 94 72 94 26 90 90 131 131 47 42 51 64 94 94 72 94 26 90 90 90 131 131 47 42 43 119 72 94 26 90 90 90 131 131 94 72 94 138 26 19 90 131 131 10 10 10 44 51 64 94 94 138 26 19 90 8 131 10 10 10 44 51 64 94 94 138 26 55 90 8 131 10
4 5 6 31 30 29 30 29 30 29 30 29 30 29 30 29 30 29 30 29 30 29 30 29 30 29 30 29 30 29 30 29 30 29 30 29 30 29 30 29 30 29 30 29 30 29 30 29 30 29 30 29 30 29 30 29 30 29 30 29 30 29 30 29 30 29 30 29 30 29 30 29 30 29 30 29 30 29 30 29
4 5 6 7 66 23 142 50 31 70 70 70 63 31 109 109 109 109 109 109 109 109 109 109 109 109 109 109 109 109 109 109 109 109 109 109 109 109 109 109 109 109 109 109 109 109 109 109 109 109 109 109 109 109 109 109 109 109 109 109 109 109 109 109 109 109 109 109 109 109 109 109 109 109 109 109 109 109 109 109
4 5 116 7 46 30 30 30 30 33 33 33 29 29 42 29 42 108 109 109 42 42 108 109 109 42 42 108 109 109 42 42 108 109 109 42 42 108 109 109 42 42 108 109 109 42 42 108 109 109 42 42 108 109 109 42 42 108 109 109 42 42 108 109 109 42 42 108 109 109 42 42 108 109 109 42 42 108 109 109
4 5 6 7 12 22 52 35 35 69 69 69 70 70 70 70 70 70 65 70 65 70 70 65 70 65 70 70 65 70 65 70 65 70 65 70 65 70 65 70 65 70 65 70 65 70 65 70 65 70 65 70 65 70 65 70 65 70 65 70 65 70 65 70 65 70 65 70 65 70 65 70 65 70 65 70 65 70 65 70
4 5 88 7 23 49 25 26 26 25 26 27 77 77 69 70 34 35 34 35 45 64 31 32 58 18 19 67 53 19 34 35 41 38 38 38 60 60 24 60 60 24 60 60 24 25 26 27 27 14 15 11 26 38 38 38 56 55 55 56 25 26 27 25 26 27 43 30 46 31 21 33 18 19 34 35 34 35 45 64
4 5 9 77 61 61 68 67 70 69 70 67 57 57 14 55 64 64 37 13 68 67 69 70 69 70 67 42 39 44 45 46 45 18 19 20 49 49 49 49 49 49 49 49 49 49 49 49 49 49 49 49 49 49 49 49 49 49 49 49 49 49 49 49 49 49 49 49 49 49 49 49 49 49 49 49 49 49 49 49
4 5 6 88 9 66 14 15 43 43 17 17 17 17 21 68 89 37 91 101 53 50 99 51 71 53 54 49 49 50 49 49 49 50 84 51 20 53 64 49 49 49 49 49 50 84 51 20 53 64 49 49 49 49 49 50 84 51 20 53 64 49 49 49 49 49 50 84 51 20 53 64 49 49 49 49 49 50 84 51
4 5 257 251 9 171 172 171 172 91 91 91 34 102 228 172 228 122 228 122 228 122 228 122 228 122 228 122 228 122 228 122 228 122 228 122 228 122 228 122 228 122 228 122 228 122 228 122 228 122 228 122 228 122 228 122 228 122 228 122 228 122 228 122 228 122 228 122 228 122 228 122 228 122 228 122 228 122 228 122
4 5 6 8 50 50 23 23 47 47 29 44 30 30 30 30 30 30 30 30 30 30 30 30 30 30 30 30 30 30 30 30 30 30 30 30 30 30 30 30 30 30 30 30 30 30 30 30 30 30 30 30 30 30 30 30 30 30 30 30 30 30 30 30 30 30 30 30 30 30 30 30 30 30 30 30 30 30 30 30
4 5 6 138 51 9 12 31 114 114 114 32 32 32 50 134 134 134 134 134 134 134 134 134 134 134 134 134 134 134 134 134 134 134 134 134 134 134 134 134 134 134 134 134 134 134 134 134 134 134 134 134 134 134 134 134 134 134 134 134 134 134 134 134 134 134 134 134 134 134 134 134 134 134 134 134 134 134 134 134
4 5 6 7 8 39 39 39 19 20 20 20 35 35 35 43 43 43 33 43 43 33 33 43 43 33 33 43 33 33 43 33 33 43 33 43 33 33 43 33 43 33 33 43 33 43 33 33 43 43 33 33 43 33 43 33 33 43 43 33 33 43 33 43 33 33 43 43 33 33 43 33 43 33 33 43 43 33 33 43
4 5 64 7 8 14 15 51 27 13 17 18 10 10 10 10 10 15 17 18 19 20 21 23 23 23 47 23 50 25 51 52 42 42 48 48 48 47 48 47 48 47 48 47 48 47 48 47 48 47 48 47 48 47 48 47 48 47 48 47 48 47 48 47 48 47 48 47 48 47 48 47 48 47 48 47 48 47 48 47
4 5 6 89 15 10 16 13 13 16 13 16 13 13 16 19 20 22 22 64 66 60 26 39 40 39 40 41 17 37 44 45 45 45 59 49 49 58 59 48 44 49 49 58 59 48 44 49 49 58 59 48 44 49 49 58 59 48 44 49 49 58 59 48 44 49 49 58 59 48 44 49 49 58 59 48 44 49 49 58
4 5 224 220 189 111 111 190 191 191 191 191 191 191 191 135 135 94 94 94 209 211 212 206 207 206 207 207 208 215 215 215 215 215 215 215 215 215 215 215 215 215 215 215 215 215 215 215 215 215 215 215 215 215 215 215 215 215 215 215 215 215 215 215 215 215 215 215 215 215 215 215 215 215 215 215 215 215 215 215
4 5 6 7 28 28 28 28 28 28 28 28 28 28 28 28 28 28 28 28 28 28 28 28 28 28 28 28 28 28 28 28 28 28 28 28 28 28 28 28 28 28 28 28 28 28 28 28 28 28 28 28 28 28 28 28 28 28 28 28 28 28 28 28 28 28 28 28 28 28 28 28 28 28 28 28 28 28 28 28
4 5 6 7 61 37 37 33 37 36 37 37 36 37 37 36 37 37 36 37 37 36 37 37 36 37 37 36 37 37 36 37 37 36 37 37 36 37 37 36 37 37 36 37 37 36 37 37 36 37 37 36 37 37 36 37 37 36 37 37 36 37 37 36 37 37 36 37 37 36 37 37 36 37 37 36 37 37 36 37
4 5 6 8 269 9 10 269 50 271 16 19 20 185 19 20 185 118 247 251 251 251 251 223 203 20 185 19 20 185 118 247 251 251 251 251 223 203 20 185 19 20 185 118 247 251 251 251 251 223 203 20 185 19 20 185 118 247 251 251 251 251 223 203 20 185 19 20 185 118 247 251 251 251 251 223 203 20 185 19
4 5 6 111 9 9 10 12 12 54 55 109 88 58 102 103 33 165 170 104 244 288 167 274 275 276 276 224 218 244 288 167 274 275 276 276 87 149 201 254 202 174 29 258 140 140 137 136 137 274 275 276 276 224 149 201 254 202 174 29 137 274 275 276 276 224 81 244 288 167 274 275 276 276 87 149 201 254 202 174
4 5 294 7 71 36 36 33 77 33 77 98 9 97 98 69 97 81 102 239 89 106 105 169 76 112 112 111 113 113 112 112 63 19 17 90 134 206 133 134 133 206 133 134 133 206 133 134 133 206 133 134 133 206 133 134 133 206 133 134 133 206 133 134 133 206 133 134 133 206 133 134 133 206 133 134 133 206 133 134
4 5 6 7 8 9 10 10 11 11 68 69 14 26 30 70 71 71 38 39 40 41 17 44 38 34 40 41 48 48 49 61 18 18 45 39 35 47 60 60 60 25 26 71 71 71 71 71 30 26 38 39 40 41 17 44 38 34 40 41 48 48 49 61 18 18 45 39 35 47 60 60 60 25 26 71 71 71 71 71
4 5 137 7 8 72 10 11 86 87 87 86 87 87 86 88 13 14 14 14 14 14 14 14 14 14 14 14 14 14 14 14 14 14 14 14 14 14 14 14 14 14 14 14 14 14 14 14 14 14 14 14 14 14 14 14 14 14 14 14 14 14 14 14 14 14 14 14 14 14 14 14 14 14 14 14 14 14 14 14
4 5 57 51 10 11 15 16 15 16 16 14 16 15 16 16 14 16 15 16 14 16 14 16 15 16 14 16 14 16 15 16 14 16 14 16 15 16 14 16 14 16 15 16 14 16 14 16 15 16 14 16 14 16 15 16 14 16 14 16 15 16 14 16 14 16 15 16 14 16 14 16 15 16 14 16 14 16 15 16
4 5 6 14 9 6 10 10 10 10 10 10 10 10 10 10 10 10 10 10 10 10 10 10 10 10 10 10 10 10 10 10 10 10 10 10 10 10 10 10 10 10 10 10 10 10 10 10 10 10 10 10 10 10 10 10 10 10 10 10 10 10 10 10 10 10 10 10 10 10 10 10 10 10 10 10 10 10 10 10
4 5 261 42 215 8 246 223 11 10 10 10 11 11 10 10 82 236 251 20 21 77 77 21 145 227 228 228 228 226 227 228 15 114 236 39 39 40 245 238 34 32 34 32 34 32 34 32 34 32 34 32 34 32 34 32 34 32 34 32 34 32 34 32 34 32 34 32 34 32 34 32 34 32 34 32 34 32 34 32
4 5 6 8 10 84 46 46 85 86 46 85 86 65 65 65 12 24 24 24 99 99 99 99 99 99 99 99 99 99 99 99 99 99 99 99 99 99 99 99 99 99 99 99 99 99 99 99 99 99 99 99 99 99 99 99 99 99 99 99 99 99 99 99 99 99 99 99 99 99 99 99 99 99 99 99 99 99 99 99
4 5 6 52 10 10 9 10 9 10 9 10 20 26 22 25 23 23 23 23 24 23 23 23 23 23 24 23 23 23 23 24 23 23 23 23 24 23 23 23 23 24 23 23 23 23 24 23 23 23 23 24 23 23 23 23 24 23 23 23 23 24 23 23 23 23 24 23 23 23 23 24 23 23 23 23 24 23 23 23
4 5 232 7 51 186 53 60 32 62 32 62 32 62 32 62 32 62 32 62 32 62 32 62 32 62 32 62 32 62 32 62 32 62 32 62 32 62 32 62 32 62 32 62 32 62 32 62 32 62 32 62 32 62 32 62 32 62 32 62 32 62 32 62 32 62 32 62 32 62 32 62 32 62 32 62 32 62 32 62
4 5 273 267 10 11 16 13 53 52 212 217 214 216 213 213 214 212 217 216 213 213 214 215 256 256 200 257 256 200 256 200 257 256 200 257 256 200 257 256 200 257 256 200 257 256 200 257 256 200 257 256 200 257 256 200 257 256 200 257 256 200 257 256 200 257 256 200 257 256 200 257 256 200 257 256 200 257 256 200
4 5 284 244 238 238 238 227 227 226 227 235 224 12 89 89 127 167 205 167 167 205 167 167 205 167 167 205 167 167 205 167 167 205 167 167 205 167 167 91 143 23 109 112 109 112 108 112 39 46 46 46 39 43 39 46 39 43 39 46 39 43 39 46 39 43 39 46 39 43 39 46 39 43 39 46 39 43 152 156
4 5 6 27 25 25 25 17 17 17 17 17 17 17 17 17 17 17 17 17 17 17 17 17 17 17 17 17 17 17 17 17 17 17 17 17 17 17 17 17 17 17 17 17 17 17 17 17 17 17 17 17 17 17 17 17 17 17 17 17 17 17 17 17 17 17 17 17 17 17 17 17 17 17 17 17 17 17 17 17
4 5 229 8 51 101 102 60 32 62 32 62 32 62 32 62 32 62 32 62 32 62 32 62 32 62 32 62 32 62 32 62 32 62 32 62 32 62 32 62 32 62 32 62 32 62 32 62 32 62 32 62 32 62 32 62 32 62 32 62 32 62 32 62 32 62 32 62 32 62 32 62 32 62 32 62 32 62 32 62
4 5 40 7 7 40 8 9 10 12 11 12 12 26 16 21 21 21 15 15 15 15 15 15 15 15 15 15 15 15 15 15 15 15 15 15 15 15 15 15 15 15 15 15 15 15 15 15 15 15 15 15 15 15 15 15 15 15 15 15 15 15 15 15 15 15 15 15 15 15 15 15 15 15 15 15 15 15 15 15
4 5 176 170 33 29 33 35 31 35 31 29 33 29 31 29 31 29 31 29 33 29 31 29 31 35 31 29 33 29 31 35 31 29 31 29 33 29 31 29 31 29 31 29 33 29 31 35 31 35 31 29 33 35 31 29 31 29 31 29 33 29 31 29 31 29 31 29 33 29 31 29 31 29 31 29 33 29 31 35
4 5 6 106 21 19 100 100 100 21 19 100 100 100 21 19 100 100 12 13 24 25 26 61 58 100 34 34 37 35 35 35 35 35 35 35 35 35 35 35 35 35 35 35 35 35 35 35 35 35 35 35 35 35 35 35 35 35 35 35 35 35 35 35 35 35 35 35 35 35 35 35 35 35 35 35 35 35 35 35
4 5 6 22 8 23 11 12 20 13 14 30 13 14 30 30 13 14 30 30 13 14 30 30 13 14 30 30 13 14 30 30 13 14 30 30 13 14 30 30 13 14 30 30 13 14 30 30 13 14 30 30 13 14 30 30 13 14 30 30 13 14 30 30 13 14 30 30 13 14 30 30 13 14 30 30 13 14 30 30
4 5 68 8 69 14 10 75 83 83 75 78 77 70 71 72 73 74 14 13 87 76 77 78 80 39 40 39 40 74 14 13 87 76 77 78 80 39 82 39 40 86 14 13 87 76 77 78 80 39 40 39 82 74 14 13 87 76 77 78 80 39 82 39 82 86 14 13 87 76 77 78 80 39 40 39 40 74 14 13
4 5 130 124 116 116 32 11 12 95 95 95 95 95 95 95 95 95 95 95 95 95 95 95 95 95 95 95 95 95 95 95 95 95 95 95 95 95 95 95 95 95 95 95 95 95 95 95 95 95 95 95 95 95 95 95 95 95 95 95 95 95 95 95 95 95 95 95 95 95 95 95 95 95 95 95 95 95 95 95
4 5 71 66 66 71 23 24 25 15 14 14 15 14 41 28 28 29 29 29 21 29 29 21 29 29 21 20 21 20 21 20 21 20 21 20 21 20 21 20 21 20 21 20 21 20 21 20 21 20 21 20 21 20 21 20 21 20 21 20 21 20 21 20 21 20 21 20 21 20 21 20 21 20 21 20 21 20 21 20
4 5 141 14 101 20 10 10 10 48 48 48 125 28 125 28 59 61 59 59 65 54 32 32 54 32 54 32 54 32 21 124 41 84 84 84 84 84 84 84 84 84 84 84 84 84 84 84 84 84 84 84 84 84 84 84 84 84 84 84 84 84 84 84 84 84 84 84 84 84 84 84 84 84 84 84 84 84 84 84
4 5 129 128 8 10 11 12 13 14 15 19 19 20 120 22 23 24 70 94 95 96 97 98 99 99 102 102 77 101 102 77 101 77 101 102 77 101 77 101 102 77 101 77 101 102 77 101 77 101 102 77 101 77 101 102 77 101 77 101 102 77 101 77 101 102 77 101 77 101 102 77 101 77 101 102 77 101 77 101
4 5 6 148 23 10 24 24 88 88 81 135 135 135 82 69 69 69 69 36 36 36 36 36 36 36 36 36 139 115 114 139 115 114 139 115 114 139 115 114 139 114 115 114 139 114 115 114 139 115 114 139 114 115 114 139 115 114 139 114 115 114 139 115 114 139 114 115 114 139 115 114 139 114 115 114 139 115 114 139
4 119 37 186 76 76 141 212 170 212 170 170 212 176 171 182 87 130 187 16 15 15 15 16 15 188 215 216 165 217 230 239 205 232 233 234 9 156 156 176 192 102 155 155 156 144 170 170 171 19 19 19 147 182 94 125 159 173 215 216 165 219 217 230 239 205 232 233 234 9 156 156 171 192 102 155 155 156 144 170
4 5 70 66 61 16 27 18 27 18 19 29 30 30 18 19 29 30 30 18 19 29 30 30 28 29 30 30 28 29 30 30 28 29 30 30 28 29 30 30 28 29 30 30 28 29 30 30 28 29 30 30 28 29 30 30 28 29 30 30 28 29 30 30 28 29 30 30 28 29 30 30 28 29 30 30 28 29 30 30
4 5 6 51 12 15 16 19 15 16 21 22 22 22 22 22 22 22 22 22 22 22 22 22 22 22 22 22 22 22 22 22 22 22 22 22 22 22 22 22 22 22 22 22 22 22 22 22 22 22 22 22 22 22 22 22 22 22 22 22 22 22 22 22 22 22 22 22 22 22 22 22 22 22 22 22 22 22 22 22
4 5 57 51 11 32 46 46 46 46 32 11 10 12 13 14 30 30 12 13 18 30 30 30 30 30 30 30 30 30 30 30 30 30 30 30 30 30 30 30 30 30 30 30 30 30 30 30 30 30 30 30 30 30 30 30 30 30 30 30 30 30 30 30 30 30 30 30 30 30 30 30 30 30 30 30 30 30 30 30
4 5 6 89 11 27 9 66 66 66 66 66 66 66 66 66 66 66 66 66 66 66 66 66 66 66 66 66 66 66 66 66 66 66 66 66 66 66 66 66 66 66 66 66 66 66 66 66 66 66 66 66 66 66 66 66 66 66 66 66 66 66 66 66 66 66 66 66 66 66 66 66 66 66 66 66 66 66 66 66
4 5 7 97 9 23 23 12 12 12 12 12 12 11 14 36 20 38 31 34 81 67 68 68 68 68 80 80 80 80 80 80 80 80 80 80 80 80 80 80 80 80 80 80 80 80 80 80 80 80 80 80 80 80 80 80 80 80 80 80 80 80 80 80 80 80 80 80 80 80 80 80 80 80 80 80 80 80 80 80
4 5 6 238 91 21 21 20 21 11 12 12 10 77 17 91 40 214 219 201 21 77 10 130 130 130 90 90 160 163 163 163 163 163 163 163 163 163 163 163 163 163 163 163 163 163 163 163 163 163 163 163 163 163 163 163 163 163 163 163 163 163 163 163 163 163 163 163 163 163 163 163 163 163 163 163 163 163 163 163
4 5 6 74 36 35 38 39 12 12 13 72 37 38 39 68 70 23 23 41 57 59 59 59 59 59 59 59 59 59 59 59 59 59 59 59 59 59 59 59 59 59 59 59 59 59 59 59 59 59 59 59 59 59 59 59 59 59 59 59 59 59 59 59 59 59 59 59 59 59 59 59 59 59 59 59 59 59 59 59
4 5 330 7 9 9 10 12 12 54 55 88 106 103 23 33 162 104 103 33 162 104 167 171 182 183 184 101 102 274 123 127 127 240 182 236 184 101 102 274 123 127 127 240 182 202 184 101 102 274 123 127 127 240 182 202 184 101 102 274 123 127 127 240 182 183 184 101 102 274 123 127 127 240 182 202 184 101 102 274
4 5 6 128 8 9 95 29 29 114 114 114 114 29 30 114 114 114 114 114 114 114 114 16 16 16 45 45 45 30 79 77 21 79 80 78 76 77 71 84 84 89 101 116 47 47 101 116 44 29 30 114 114 114 114 114 114 114 114 114 16 16 16 45 45 45 30 79 77 78 79 80 21 76 77 71 84 84 89 101
4 5 6 76 75 9 10 9 10 9 10 9 10 9 10 9 10 9 10 9 10 9 10 9 10 9 10 9 10 9 10 9 10 9 10 9 10 9 10 9 10 9 10 9 10 9 10 9 10 9 10 9 10 9 10 9 10 9 10 9 10 9 10 9 10 9 10 9 10 9 10 9 10 9 10 9 10 9 10 9
4 5 6 7 48 49 41 51 67 68 67 54 18 53 15 57 15 52 52 52 57 15 57 128 52 52 57 15 15 57 128 52 52 57 128 57 15 15 57 128 52 52 52 57 15 15 57 128 52 52 57 128 57 15 15 57 128 52 52 52 57 15 15 57 128 52 52 57 128 57 15 15 57 128 52 52 52 57 15 15
4 5 203 7 195 53 53 160 161 121 121 12 8 11 11 35 35 35 35 194 195 54 72 56 74 75 65 109 108 65 66 109 65 108 65 65 66 109 65 108 65 65 66 109 65 108 65 65 66 109 65 108 65 65 66 109 65 108 65 65 66 109 65 108 65 65 66 109 65 108 65 65 66 109 65 108 65 65 66 109
4 5 178 9 110 112 73 112 73 73 112 73 73 112 73 73 74 110 12 47 14 45 80 84 84 85 84 85 140 83 83 40 40 40 123 123 123 26 40 123 123 26 123 123 26 40 123 26 123 123 26 123 123 26 40 123 123 26 123 123 26 40 123 123 26 123 123 26 40 123 123 26 123 123 26 40 123 123 26 123
4 5 126 125 9 109 9 28 16 16 19 16 19 16 19 109 9 103 28 13 32 33 108 105 106 107 51 51 26 26 26 26 26 26 26 13 32 33 33 33 32 107 51 51 26 26 26 26 26 26 26 13 32 33 33 33 32 107 51 51 26 26 26 26 26 26 26 13 32 33 33 33 32 107 51 51 26 26 26 26
4 5 61 56 8 8 17 34 34 34 41 47 47 46 46 47 46 47 46 47 46 46 47 46 47 46 46 47 46 47 46 46 47 46 47 46 46 47 46 47 46 46 47 46 47 46 46 47 46 47 46 46 47 46 47 46 46 47 46 47 46 46 47 46 47 46 46 47 46 47 46 46 47 46 47 46 46 47 46 47
4 5 222 216 11 147 150 108 108 108 133 49 133 133 135 46 162 141 141 102 102 154 102 154 59 153 154 102 153 59 154 102 153 59 154 102 153 59 154 102 153 59 154 102 153 59 154 102 153 59 154 102 153 59 154 102 153 59 154 102 153 59 154 102 153 59 154 102 153 59 154 102 153 59 154 102 153 59 154 102
4 5 6 9 8 9 10 211 203 17 35 74 38 38 143 199 30 31 81 79 152 152 152 87 96 152 167 87 189 197 87 95 165 152 81 79 152 152 152 167 167 87 188 196 105 105 100 134 191 192 99 95 189 108 159 159 159 124 124 124 124 124 124 124 124 124 124 124 124 124 124 124 124 124 124 124 124 124 124 124
4 5 159 156 8 9 48 39 111 112 113 113 113 82 19 20 21 22 23 24 14 14 14 14 14 19 20 21 22 23 24 14 14 52 152 28 27 9 37 109 39 50 137 56 57 41 41 41 59 60 61 33 61 65 71 72 72 73 74 37 48 76 111 112 113 113 113 82 82 82 126 127 128 140 140 140 140 140 140 140
4 5 116 7 52 52 60 59 60 59 59 60 61 33 58 64 94 66 77 78 77 78 85 97 104 104 104 104 104 104 104 104 93 64 94 95 89 21 39 39 68 34 26 106 107 108 109 109 109 109 109 109 109 109 109 109 109 109 109 109 109 109 109 109 109 109 109 109 109 109 109 109 109 109 109 109 109 109 109 109
4 5 6 20 8 10 8 10 12 13 13 13 17 17 17 17 17 17 17 17 17 17 17 17 17 17 17 17 17 17 17 17 17 17 17 17 17 17 17 17 17 17 17 17 17 17 17 17 17 17 17 17 17 17 17 17 17 17 17 17 17 17 17 17 17 17 17 17 17 17 17 17 17 17 17 17 17 17 17 17
4 5 6 22 81 84 85 84 85 85 84 115 60 82 105 65 65 65 33 28 29 41 42 78 41 34 34 55 55 55 55 105 64 33 65 65 65 33 28 29 41 29 34 34 34 55 55 55 55 105 20 33 65 65 65 33 28 29 41 29 34 34 34 55 55 55 55 105 20 33 65 65 65 33 28 29 41 29 34 34
4 5 6 188 53 170 132 31 31 31 131 132 154 39 38 154 23 22 22 22 22 22 22 22 22 22 22 22 22 22 22 22 22 22 22 22 22 22 22 22 22 22 22 22 22 22 22 22 22 22 22 22 22 22 22 22 22 22 22 22 22 22 22 22 22 22 22 22 22 22 22 22 22 22 22 22 22 22 22 22
4 5 6 112 10 10 21 8 16 16 16 16 16 16 13 86 87 88 65 20 14 98 62 60 61 64 43 67 99 99 86 87 88 65 104 23 14 98 41 40 73 62 60 61 64 43 67 99 99 86 87 88 65 104 23 14 98 41 40 73 62 60 61 64 43 67 99 99 86 87 88 65 104 107 14 98 41 40 73 62
4 5 6 68 14 14 9 10 23 10 11 11 10 23 23 11 10 23 23 23 10 53 23 11 10 23 23 10 53 23 21 19 42 21 26 35 57 29 39 33 40 32 63 33 40 32 63 17 19 17 19 21 10 11 10 23 11 10 23 23 10 53 23 23 10 53 23 10 53 23 21 19 42 21 26 35 57 37 39 33
4 5 6 55 12 8 9 9 36 9 9 9 36 37 38 39 40 22 41 37 38 39 40 22 41 42 37 38 39 28 43 38 34 47 48 47 48 24 25 19 19 23 24 24 27 35 36 9 9 37 38 39 40 41 37 38 39 40 22 41 42 37 38 39 51 43 38 45 47 48 47 48 24 25 19 19 23 24 24 27
4 5 11 48 8 8 14 22 22 22 23 14 24 34 25 26 27 28 19 20 18 40 40 40 40 40 40 40 40 40 40 40 40 40 40 40 40 40 40 40 40 40 40 40 40 40 40 40 40 40 40 40 40 40 40 40 40 40 40 40 40 40 40 40 40 40 40 40 40 40 40 40 40 40 40 40 40 40 40 40
4 5 35 56 8 13 25 34 25 34 34 23 22 33 33 25 34 34 23 23 25 34 34 29 42 43 50 51 82 40 54 75 48 54 48 48 54 81 51 52 83 59 60 76 76 79 79 79 79 79 79 79 79 79 79 79 79 79 78 79 79 79 79 79 78 79 79 79 79 78 79 79 79 79 78 79 79 79 79 78
4 5 6 7 8 9 10 183 172 13 28 115 108 136 137 137 137 89 133 134 161 89 67 81 81 38 19 118 119 99 91 91 128 102 103 25 102 103 25 102 103 25 102 149 149 149 149 127 166 149 128 158 149 149 128 158 149 114 128 149 149 127 166 149 114 127 149 127 166 149 128 158 149 168 128 158 149 114 128 149
4 5 6 47 25 31 29 29 29 32 33 32 33 12 12 12 12 12 12 12 16 47 46 47 47 47 47 47 47 47 47 47 47 47 47 47 47 47 47 47 47 47 47 47 47 47 47 47 47 47 47 47 47 47 47 47 47 47 47 47 47 47 47 47 47 47 47 47 47 47 47 47 47 47 47 47 47 47 47 47
4 5 367 74 9 9 10 12 12 54 55 224 106 323 324 163 164 23 323 33 164 23 169 173 184 185 186 101 102 289 123 127 127 254 184 185 186 101 102 289 290 127 127 254 184 185 186 101 102 289 290 127 127 254 184 185 186 101 102 289 290 127 127 254 184 185 186 101 102 289 290 127 127 254 184 185 186 101 102 289
4 5 126 8 11 11 106 16 16 16 16 16 16 16 16 16 16 69 21 21 20 59 101 20 21 21 23 22 22 22 25 26 17 48 32 50 116 115 73 73 116 82 73 115 73 80 82 73 115 73 80 82 73 115 73 80 82 73 115 73 80 82 73 115 73 80 82 73 115 73 80 82 73 115 73 80 82 73 115 73
4 5 113 7 8 10 11 12 13 14 15 19 19 20 50 22 23 68 69 92 93 94 95 96 97 97 100 101 101 101 103 104 104 106 107 107 107 107 51 111 102 6
4 5 6 58 8 10 8 45 12 17 16 16 16 17 17 48 21 22 18 18 28 29 30 45 31 32 33 19 47 36 35 34 36 35 34 42 40 40 40 40 40 40 40 40 40 40 40 40 40 40 40 40 40 40 40 40 40 40 40 40 40 40 40 40 40 40 40 40 40 40 40 40 40 40 40 40 40 40 40 40
4 5 6 55 24 9 27 27 27 27 27 27 27 27 27 27 27 27 27 27 27 27 27 27 27 27 27 27 27 27 27 27 27 27 27 27 27 27 27 27 27 27 27 27 27 27 27 27 27 27 27 27 27 27 27 27 27 27 27 27 27 27 27 27 27 27 27 27 27 27 27 27 27 27 27 27 27 27 27 27
4 5 6 7 8 49 10 11 19 12 13 38 12 13 38 38 28 29 29 49 32 33 43 43 46 43 43 44 47 47 48 47 48 47 47 48 47 48 47 47 48 47 48 47 48 47 47 48 47 48 47 48 47 47 48 47 48 47 48 47 47 48 47 48 47 48 47 47 48 47 48 47 48 47 47 48 47 48 47 48
4 5 6 111 8 10 11 12 13 14 15 19 19 20 49 22 23 24 25 26 92 93 94 95 96 96 99 100 100 100 103 104 105 105 108 108 108 108 7 110 101 6
4 5 121 7 59 52 44 20 23 109 25 110 21 21 25 109 23 109 25 21 21 21 21 21 21 24 21 21 21 21 21 21 21 24 21 21 21 21 21 21 21 24 21 21 21 21 21 21 21 24 21 21 21 21 21 21 21 24 21 21 21 21 21 21 21 24 21 21 21 21 21 21 21 24 21 21 21 21 21 21
4 5 6 8 23 25 25 26 27 27 27 28 28 28 28 28 28 28 28 28 28 28 28 28 28 28 28 28 28 28 28 28 28 28 28 28 28 28 28 28 28 28 28 28 28 28 28 28 28 28 28 28 28 28 28 28 28 28 28 28 28 28 28 28 28 28 28 28 28 28 28 28 28 28 28 28 28 28 28 28
4 5 6 7 22 78 84 84 84 84 84 78 78 78 78 78 78 78 78 78 48 48 130 78 78 78 78 78 78 78 78 78 78 78 78 78 78 78 78 78 78 78 78 78 78 78 78 78 78 78 78 78 78 78 78 78 78 78 78 78 78 78 78 78 78 78 78 78 78 78 78 78 78 78 78 78 78 78 78 78
4 5 6 7 60 60 11 12 45 53 54 55 55 57 44 21 43 47 52 54 55 55 55 49 57 44 21 43 47 52 54 55 55 55 49 57 44 21 43 47 52 54 55 55 55 49 57 44 21 43 47 52 54 55 55 55 49 57 44 21 43 47 52 54 55 55 55 49 57 44 21 43 47 52 54 55 55 55 49 57
4 5 6 77 42 74 74 18 50 50 50 50 50 50 50 68 70 71 16 71 16 15 16 15 16 15 16 15 16 15 16 15 16 15 16 15 16 15 16 15 16 15 16 15 16 15 16 15 16 15 16 15 16 15 16 15 16 15 16 15 16 15 16 15 16 15 16 15 16 15 16 15 16 15 16 15 16 15 16 15
4 5 121 118 8 8 11 68 56 56 68 56 56 57 56 25 103 41 105 71 18 15 15 19 19 19 19 19 19 19 19 19 19 19 19 19 19 19 19 19 19 19 19 19 19 19 19 19 19 19 19 19 19 19 19 19 19 19 19 19 19 19 19 19 19 19 19 19 19 19 19 19 19 19 19 19 19 19 19 19
4 5 6 45 45 50 39 39 40 41 41 12 12 24 11 18 18 18 18 18 18 18 18 18 18 18 18 18 18 18 18 18 18 18 18 18 18 18 18 18 18 18 18 18 18 18 18 18 18 18 18 18 18 18 18 18 18 18 18 18 18 18 18 18 18 18 18 18 18 18 18 18 18 18 18 18 18 18 18 18
4 5 91 7 92 92 78 135 10 11 12 13 14 15 16 57 42 98 107 108 129 106 107 108 129 113 104 102 103 101 102 29 104 102 102 29 104 101 102 103 104 102 103 101 102 29 104 102 102 29 104 101 102 103 104 102 103 101 102 29 104 102 102 29 104 101 102 103 104 102 103 101 102 29 104 102 102 103 104 101
4 5 6 107 8 10 11 12 13 14 15 19 19 96 50 22 23 68 69 26 93 94 95 96 97 97 100 101 101 101 103 103 104 105 106 106 51 51 51 51 107 111 108 6
4 5 31 8 7 31 19 10 11 15 16 15 16 15 16 15 16 15 16 15 16 15 16 15 16 15 16 15 16 15 16 15 16 15 16 15 16 15 16 15 16 15 16 15 16 15 16 15 16 15 16 15 16 15 16 15 16 15 16 15 16 15 16 15 16 15 16 15 16 15 16 15 16 15 16 15 16 15 16 15
4 5 123 117 8 11 8 11 8 11 8 11 39 75 41 42 91 91 91 42 43 91 91 42 43 91 109 67 66 109 67 67 66 109 67 67 66 109 67 31 31 43 43 90 90 103 91 91 90 90 107 107 106 43 90 90 99 31 67 66 109 67 67 66 109 67 66 109 67 31 31 43 43 90 90 103 91 91 90 90
4 5 125 10 8 127 8 22 8 22 8 22 8 22 8 22 8 22 8 22 8 22 8 22 8 22 8 22 8 22 8 22 8 22 8 22 8 22 8 22 8 22 8 22 8 22 8 22 8 22 8 22 8 22 8 22 8 22 8 22 8 22 8 22 8 22 8 22 8 22 8 22 8 22 8 22 8 22 8 22
4 5 190 22 95 96 96 96 96 96 96 96 96 96 96 96 96 96 96 96 96 96 96 96 182 180 100 10 15 12 110 108 108 108 110 113 108 108 39 137 150 150 46 136 46 136 46 136 46 136 46 136 46 136 46 136 46 136 46 136 46 136 46 136 46 136 46 136 46 136 46 136 46 136 150 136 150 136 46 136
4 5 6 42 9 10 18 11 31 32 32 32 32 33 26 13 26 29 29 29 29 29 29 29 29 29 29 29 29 29 29 29 29 29 29 29 29 29 29 29 29 29 29 29 29 29 29 29 29 29 29 29 29 29 29 29 29 29 29 29 29 29 29 29 29 29 29 29 29 29 29 29 29 29 29 29 29 29 29 29
4 5 6 202 8 8 157 37 12 44 186 48 48 49 191 41 26 27 28 195 28 195 28 195 28 195 28 29 157 15 15 15 124 124 124 124 124 124 124 124 124 124 124 124 124 124 124 124 124 124 124 124 124 124 124 124 124 124 124 124 124 124 124 124 124 124 124 124 124 124 124 124 124 124 124 124 124 124 124 124
4 5 61 57 9 12 12 12 16 16 15 12 12 16 50 51 52 52 41 41 41 41 41 41 41 52 52 53 38 20 40 46 47 47 47 48 48 38 34 40 46 47 47 47 48 48 38 10 40 46 47 47 47 48 48 38 10 40 46 47 47 47 48 48 38 10 40 46 47 47 47 48 48 38 10 40 46 47 47 47
4 5 78 7 10 70 23 23 23 23 17 17 17 17 71 39 27 70 17 17 17 17 17 71 39 27 70 17 17 17 17 17 71 39 27 70 17 17 17 17 17 71 16 27 70 17 17 17 17 17 71 16 27 70 17 17 17 17 17 71 16 27 70 17 17 17 17 17 71 16 27 70 17 17 17 17 17 71 16 27
4 5 6 62 64 65 26 67 76 78 57 78 76 78 57 78 78 57 78 90 90 32 32 32 32 57 25 26 27 43 88 88 88 43 63 63 63 63 62 103 63 6
4 5 6 8 65 11 64 76 64 76 76 64 40 33 13 13 13 13 13 33 75 76 76 64 40 33 13 13 13 13 13 33 75 76 76 64 40 33 13 13 13 13 13 33 75 76 76 64 40 33 13 13 13 13 13 33 75 76 76 64 40 33 13 13 13 13 13 33 75 76 76 64 40 33 13 13 13 13 13 33
4 25 6 82 72 81 73 73 62 75 75 81 73 62 62 62 62 47 56 56 57 57 65 57 57 65 57 57 57 65 57 57 57 65 57 57 57 65 57 57 57 65 57 57 57 65 57 57 57 65 57 57 57 65 57 57 57 65 57 57 57 65 57 57 57 65 57 57 57 65 57 57 57 65 57 57 57 65 57 57
