4 5 145 148 32 122 36 37 33 79 42 55 122 36 37 124 124 109 122 27 36 38 43 32 32 34 111 119 62 119 120 63 134 21 28 138 32 122 111 112 136 138 51 65 66 79 10 16 19 64 99 53 57 56 58 57 67 116 117 55 54 55 22 36 37 113 124 102 101 42 57 58 56 64 52 66 117 55 54 55
4 5 143 9 11 12 123 125 65 62 126 59 114 21 60 134 135 119 126 56 30 65 123 125 65 62 126 59 114 21 60 134 135 30 87 102 46 33 94 93 101 88 46 70 94 50 93 95 96 106 110 94 93 68 46 33 50 95 96 93 106 108 115 115 56 99 77 78 81 93 101 88 46 90 94 50 93 95 96 106
4 5 34 30 7 6 29 24 29 20 18 11 15 13 9 16 11 19 20 21 34 8 24 6 8 24 20 18 11 15 13 9 16 20 19 20 21 8 8 8 30 29 32 30 34
4 117 118 121 120 121 5 6 125 27 18 87 117 118 121 120 121 5 6 8 27 18 87 117 118 121 120 121 5 6 122 27 18 87 117 118 121 120 121 5 6 8 27 18 87 117 118 121 120 121 5 6 122 27 18 87 117 118 121 120 121 5 6 122 27 18 87 117 118 121 120 121 5 6 8 27 18 87 117 118
4 5 58 54 8 9 8 8 9 21 22 26 24 25 26 27 9 10 28 10 28 10 42 41 15 15 16 18 19 30 14 15 16 18 19 20 21 22 31 50 51 32 26 27 28 10 28 10 42 41 44 21 46 47 23 24 25 26 27 9 10 28 10 28 42 43 44 40 41 44 8 9 29 12 14 15 16 18 19 37
4 5 6 85 67 10 11 12 96 17 28 91 22 18 68 69 24 33 17 34 97 100 24 33 52 41 42 27 41 42 50 104 50 68 23 24 33 17 34 97 100 24 33 52 41 42 27 41 42 50 104 50 68 23 24 33 17 34 97 100 24 33 52 63 65 66 67 76 86 72 73 74 7 67 86 100 33 96 32 102
4 5 6 7 19 10 12 18 12 16 15 18 20 21 10 16 21 23 24 25 28 25 7 29 25 31 31 23 24 28 28 25 7 29 25 6
4 5 241 236 232 233 121 211 20 190 157 63 66 125 63 116 51 106 104 154 155 150 150 161 150 64 15 234 235 18 211 33 124 188 190 157 63 116 51 136 106 152 176 35 36 37 132 30 101 19 185 119 39 127 146 23 39 149 150 150 155 53 54 221 56 131 164 201 57 55 56 116 129 201 131 15 175 164 201 131
4 5 84 78 8 9 15 16 17 66 22 25 26 27 28 29 31 31 33 24 35 24 35 73 74 75 76 76 29 30 30 33 24 35 24 35 36 29 30 30 33 24 35 73 74 75 76 76 29 30 30 33 24 35 24 35 73 74 75 76 76 29 30 30 33 24 35 24 35 73 74 75 76 76 29 30 30 33 24 35
4 5 52 25 8 8 10 11 12 16 17 18 21 22 23 24 43 44 34 16 11 12 16 17 18 21 26 23 24 25 28 40 27 24 43 17 44 34 16 18 26 23 24 25 28 31 29 30 42 49 44 34 43 44 34 16 18 26 23 24 51 28 31 29 30 42 49 44 34 43 44 34 16 18 26 23 24 46 28 31
4 5 71 66 65 6 8 34 10 62 27 28 42 61 26 61 26 32 52 30 52 30 49 17 39 43 43 26 61 26 27 28 25 26 61 63 14 52 30 49 49 32 17 39 43 43 26 61 26 27 28 25 26 61 63 14 52 30 49 49 32 17 39 43 43 26 61 26 27 28 25 26 61 63 14 52 30 49 49 32
4 5 6 6 7 48 10 11 12 13 14 15 16 17 18 19 20 40 40 33 10 11 12 13 14 15 16 17 18 19 20 40 40 33 10 11 12 13 14 15 16 17 18 19 20 40 40 33 10 11 12 13 14 15 16 17 18 19 20 40 40 33 10 11 12 13 14 15 16 17 18 19 20 40 33 10 11 12 13 14
4 5 53 7 29 53 30 37 11 12 34 35 30 17 18 19 20 21 22 23 24 25 26 13 35 36 37 32 19 20 21 22 23 24 25 26 13 35 43 44 45 46 8 8 8 7 51 8 53
4 5 114 7 8 84 10 11 12 13 14 15 81 29 18 19 96 49 91 23 24 68 92 27 28 43 44 17 31 32 33 34 35 36 37 38 39 40 41 42 43 44 45 46 47 48 49 110 51 78 79 53 54 55 56 57 58 61 62 63 64 65 66 67 68 69 70 71 72 52 74 75 76 77 78 59 80 81 82 83
4 5 6 220 29 30 31 32 38 45 189 137 32 78 35 36 39 40 100 43 105 111 112 113 176 177 117 121 119 212 124 125 126 127 128 129 130 131 132 133 134 135 137 138 139 140 140 50 51 52 141 54 55 56 57 58 59 60 61 62 71 72 73 74 76 75 207 196 132 104 107 109 110 111 112 113 177 117 121 119
4 5 113 51 8 9 10 11 12 13 14 15 81 17 18 19 96 50 22 23 68 25 26 27 28 31 45 32 33 34 35 36 37 38 39 40 41 42 43 31 46 47 48 49 50 107 52 79 54 55 56 57 58 59 62 63 64 65 66 67 24 69 70 71 72 73 76 77 78 53 80 81 82 83 84 85 86 87 88 89
4 5 16 10 9 15 9 15 8 8 7 14 7 16 16 15 5 16 8 9 15 9 15 8 8 7 14 7 16 16 15 5 16 8 9 15 9 15 8 8 7 14 8 16
4 5 6 196 7 53 195 195 7 54 159 56 57 58 59 60 61 62 63 64 65 66 67 25 69 8 71 118 56 74 75 76 77 78 79 80 81 82 83 84 85 86 87 93 94 95 96 97 98 96 97 98 175 100 101 102 103 104 105 106 8 108 109 110 111 112 113 114 115 116 117 159 119 120 121 122 123 124 125 126
4 5 47 8 73 23 29 29 29 48 46 44 26 16 48 46 44 29 55 56 57 58 60 44 26 21 62 48 46 44 29 52 55 56 57 58 60 44 14 21 62 48 46 44 29 52 55 56 57 58 60 44 14 21 62 48 46 44 29 52 55 56 57 58 60 44 14 21 62 48 46 44 29 52 55 56 57 58 60 44
4 5 6 8 10 9 11 340 193 110 303 215 299 131 132 133 134 135 136 294 22 297 22 285 159 118 18 16 224 22 228 229 230 232 234 233 235 236 237 238 239 240 241 242 243 244 245 280 124 87 192 340 340 67 326 327 101 276 228 331 332 333 334 335 24 11 340 340 341 8 9 11 348 340 193 110 303 215 299 300
4 5 6 11 96 9 11 59 59 9 10 86 86 47 33 23 31 90 77 32 86 47 33 31 90 77 90 8 10 11 16 15 23 51 50 51 50 23 42 43 44 45 46 47 48 49 50 51 51 36 37 56 57 55 56 57 45 40 40 50 51 50 23 51 36 37 56 57 55 56 57 45 40 40 50 50 51 50 51 40
4 5 207 51 52 53 170 55 56 57 58 59 58 60 61 62 63 67 68 69 70 68 115 116 117 119 40 41 37 97 98 37 97 58 121 110 65 65 76 65 62 63 63 108 70 69 117 68 115 116 117 119 180 132 162 125 123 157 158 159 162 125 128 129 130 64 122 123 124 162 125 128 129 129 27 32 33 110 174 48
4 5 142 9 8 13 49 111 114 111 160 154 156 101 29 80 36 165 79 80 36 102 101 104 22 19 20 21 48 123 120 45 47 45 43 121 119 21 123 132 163 52 72 72 73 138 69 105 23 10 22 121 119 115 123 120 45 120 118 132 163 52 51 72 72 73 138 69 105 37 108 47 45 19 21 48 132 163 52 72
4 5 92 7 21 28 42 9 55 39 12 83 82 84 85 40 45 43 40 35 39 49 50 36 37 71 71 45 43 44 71 71 60 56 60 56 60 56 66 39 50 36 52 63 66 80 61 25 26 56 60 56 60 56 60 56 66 39 55 83 81 82 83 84 42 46 42 9 74 18 59 76 77 23 76 77 79 78 79 78
4 5 6 30 21 22 23 24 15 16 14 21 22 23 24 15 16 8 8 13 17 17 20 20 20 17 17 20 20 20 17 17 20 20 20 17 18 12 23 24 27 10 11 23 24 13 13 13 9 29 27 6
4 5 6 8 10 107 12 103 64 79 80 84 85 85 93 73 58 121 132 142 112 128 136 142 93 126 73 55 159 81 80 81 104 164 22 141 98 138 129 117 89 167 167 82 55 160 166 131 131 25 107 28 168 72 73 104 72 73 127 35 163 161 129 117 34 89 167 18 160 166 65 160 106 27 108 122 169 71 92 164
4 5 6 125 45 52 85 45 7 76 71 72 87 88 89 90 62 63 64 65 66 78 10 69 70 71 72 73 74 75 76 97 78 20 21 81 6 83 85 92 88 89 90 62 63 64 65 66 85 100 101 100 86 88 89 90 62 63 64 65 66 85 100 101 100 101 100 114 95 108 109 110 111 112 113 114 115 116 117 118
4 5 158 152 32 66 67 68 46 65 66 67 68 141 112 137 143 77 99 129 77 99 45 89 88 89 144 107 136 136 136 10 76 105 82 86 82 80 63 79 78 139 138 139 112 143 115 114 113 114 88 49 47 44 18 77 19 77 99 77 144 89 88 89 28 54 136 79 107 136 10 76 53 82 86 80 63 79 78 139
4 5 74 68 36 37 38 39 53 57 40 11 54 54 13 31 9 49 12 43 49 8 37 38 48 65 66 67 65 66 67 65 66 67 65 66 67 65 66 67 65 66 67 65 66 67 65 66 67 65 66 67 65 66 67 65 66 67 65 66 67 65 66 67 65 66 67 65 66 67 65 66 67 65 66 67 65 66 67 65
4 5 6 183 28 252 139 16 17 104 122 21 121 20 21 23 24 45 26 44 114 252 132 140 141 142 135 136 137 245 246 247 248 252 12 13 252 114 252 139 140 141 142 135 136 137 245 246 247 248 252 12 13 252 114 252 132 140 141 142 135 136 137 245 246 247 248 252 12 13 252 114 252 132 140 141 142 135 136 137
4 5 6 145 47 44 131 25 140 72 73 120 24 131 44 23 135 25 137 74 78 77 76 75 74 78 27 132 33 32 40 21 22 131 44 50 133 105 33 132 139 22 108 33 18 21 58 132 47 45 10 13 14 15 112 50 133 105 106 33 32 21 26 22 19 24 131 44 16 43 138 33 28 38 27 132 134 47 45 10
4 5 26 31 17 49 9 17 20 21 22 23 24 25 26 27 28 29 30 48 34 35 65 70 53 35 78 13 60 94 43 42 62 79 45 88 45 13 42 43 60 62 44 46 95 97 96 86 86 71 34 41 88 73 85 22 46 60 90 91 92 93 95 96 95 97 98 99 100 101 10 10 10 7 106 10 6
4 5 6 177 143 58 128 20 124 125 129 52 14 17 15 141 111 112 108 109 32 46 163 114 40 41 42 48 46 115 72 117 122 122 89 11 62 91 28 94 149 150 78 43 44 47 159 158 159 78 93 77 72 117 122 118 72 120 122 91 59 60 166 58 138 139 139 16 17 154 18 176 147 137 124 111 112 108 109 32
4 5 116 110 36 26 31 36 26 31 36 26 31 23 60 30 71 33 30 49 31 36 26 31 36 26 9 73 74 17 76 58 79 77 58 79 53 16 19 81 74 11 98 47 66 81 16 19 20 20 87 42 14 31 36 26 31 36 26 9 73 74 17 76 58 79 77 58 79 53 87 87 96 17 44 82 83 83 85 82
4 5 94 86 12 84 12 22 35 33 33 35 33 37 38 37 38 26 36 87 59 87 59 57 73 74 52 66 8 84 12 86 44 21 49 50 33 37 38 37 38 26 38 37 87 59 87 59 57 44 74 52 66 8 84 86 86 86 86 92 86 6
4 5 88 82 81 80 29 25 26 27 77 49 44 38 38 41 14 15 11 26 27 77 44 64 8 9 10 67 54 53 34 35 45 41 66 29 60 24 23 29 25 26 27 77 69 44 12 45 41 53 54 71 19 67 54 68 71 75 67 54 68 71 47 67 54 68 71 67 54 68 71 19 23 29 49 23 24 59 60 24
4 5 78 77 61 61 68 67 13 70 37 65 57 64 65 64 14 15 21 57 64 37 65 18 19 20 17 21 37 13 37 22 24 21 24 48 65 14 15 65 64 13 54 15 57 57 64 65 18 19 20 17 21 37 13 37 22 24 21 24 22 21 65 14 15 65 64 13 54 15 65 64 37 13 70 69 37 57 57 65
4 5 6 7 9 66 34 75 49 50 90 52 53 54 55 51 86 58 59 60 61 33 63 9 10 17 21 31 32 62 27 36 89 19 91 71 93 73 96 97 74 98 96 94 83 82 25 26 82 83 81 94 97 74 98 96 94 97 74 18 99 19 47 58 59 60 61 33 63 63 50 37 52 53 54 55 60 61 60 33
4 5 257 256 9 171 220 209 210 211 212 213 214 102 217 174 35 114 155 14 223 157 16 190 47 40 37 38 39 95 206 42 241 227 162 114 40 55 50 51 50 66 63 67 65 64 70 71 131 134 132 140 141 142 74 75 74 75 74 25 26 28 28 31 32 229 230 163 81 80 150 153 154 155 12 125 34 98 231 232
4 5 6 8 53 57 9 9 39 39 49 50 8 49 50 7 12 20 42 45 43 23 37 16 17 23 9 9 33 49 50 8 7 12 13 21 45 17 15 10 33 34 20 14 16 43 23 44 15 16 17 10 33 34 13 26 43 28 47 43 16 44 34 13 26 53 53 8 7 55 8 57
4 5 6 137 51 52 134 38 39 80 41 31 32 34 35 36 50 135 52 62 60 133 134 139 39 80 41 48 14 45 84 85 60 106 107 108 109 110 111 112 113 114 115 116 117 118 119 122 24 123 124 125 126 127 128 129 130 131 132 133 134 51 52 62 60 61 62 133 134 138 8 8 137 140 138 6
4 5 55 51 8 39 38 15 39 38 37 46 19 20 43 35 47 48 13 48 43 43 47 48 48 21 23 24 31 33 14 23 24 12 33 14 14 23 16 12 33 14 14 36 37 38 46 47 48 47 48 46 19 43 47 48 50 50 50 7 53 50 6
4 5 6 58 8 9 10 11 15 26 52 8 9 10 11 15 26 52 55 14 15 17 18 19 20 21 22 23 24 25 26 27 28 29 30 31 32 42 43 44 45 46 47 48 45 46 49 50 26 52 42 22 54 48 56 46 57 50 51 52 42 43 44 45 46 20 57 50 51 52 42 22 54 24 25 26 52 53 54 48
4 5 6 89 15 16 10 11 12 13 14 15 16 19 20 20 64 66 69 31 69 81 76 78 11 12 13 14 15 16 13 14 9 19 20 23 89 22 23 89 87 24 25 37 39 40 41 17 38 44 45 49 36 59 48 44 45 49 64 26 28 50 51 64 66 68 69 69 80 56 31 17 18 73 69 64 43 60 67 56
4 5 6 220 189 56 57 149 168 191 192 193 208 135 91 181 181 175 176 104 178 179 180 181 182 183 184 185 186 187 188 189 114 191 192 193 194 195 196 127 198 199 200 201 202 203 204 205 206 207 208 209 210 211 212 127 214 215 215 220 7 8 9 10 13 210 42 8 9 10 18 18 19 20 21 22 23 24 25 26
4 5 6 225 227 6 28 226 231 27 28 168 27 44 31 8 33 104 141 92 125 125 20 44 31 47 144 144 51 123 51 158 158 72 159 72 119 43 170 170 133 133 10 139 92 141 94 179 100 100 96 100 179 96 184 103 181 187 112 199 207 125 155 53 124 198 110 65 149 122 24 227 24 7 229 24 6
4 5 78 7 61 37 37 38 48 57 31 63 65 64 41 67 61 38 9 37 37 17 27 19 53 62 63 65 54 54 38 48 48 25 17 42 19 32 24 33 57 31 63 65 64 41 67 70 61 37 37 38 48 57 31 46 35 60 59 47 60 59 47 60 59 47 60 59 60 48 13 34 47 57 34 47 13 34 47 24
4 5 316 8 269 15 72 224 225 271 142 224 225 178 187 80 81 82 83 85 61 63 66 65 26 27 34 99 35 98 35 98 102 103 104 105 106 189 108 109 110 111 82 83 85 61 118 119 120 121 122 123 124 125 126 127 128 129 58 131 137 139 140 140 141 145 146 25 294 278 279 280 303 152 305 306 284 286 308 309
4 5 6 111 11 11 12 13 14 41 45 46 42 50 46 42 50 46 42 50 46 42 50 46 42 50 46 42 50 46 42 50 46 42 50 46 42 50 46 42 50 46 42 50 46 42 50 46 42 50 46 42 50 46 42 50 46 42 50 46 42 50 46 42 50 46 42 50 46 42 50 46 42 50 46 42 50 46 42 50
4 5 294 7 234 235 236 154 13 12 13 14 15 16 17 18 19 20 21 29 31 216 25 26 27 28 217 30 23 32 33 34 36 37 38 39 189 217 42 42 147 92 26 97 234 235 97 79 80 81 82 83 84 85 67 13 79 69 100 36 33 34 35 37 38 39 189 217 42 42 147 92 26 10 97 234 235 97 72 80
4 5 6 7 8 9 10 11 12 54 14 39 46 41 37 38 39 65 41 42 44 45 46 47 48 49 50 51 52 53 54 55 56 57 46 59 60 61 62 63 64 46 66 67 68 69 30 70 71 72 32 32 7 76 32 6
4 5 137 18 8 72 73 11 75 13 14 15 26 71 81 9 130 129 123 20 21 29 30 28 31 32 33 28 29 30 28 31 32 33 34 35 36 37 38 39 40 41 42 43 44 89 23 47 51 49 50 51 52 53 54 55 56 57 58 59 63 64 65 66 67 68 69 20 17 79 80 77 78 79 80 77 78 79 80 77
4 5 57 52 50 57 9 9 19 8 15 16 14 48 17 29 6 21 22 23 30 36 26 27 28 29 30 31 32 33 34 24 25 20 47 20 40 39 40 39 40 39 40 39 18 17 38 17 14 16 48 17 8 37 16 15 16 12 8 37 15 16 17 8 9 19 37 8 12 15 16 17 8 37 12 15 16 17 8 37
4 5 6 14 8 6 14 10 10 10 9 13 10 6 6 10 5 6 10 9 6 10 10 10 10 9 13 10 6 6 10 5 6 10 9 6 10 10 10 10 9 13 10 6
4 5 6 216 8 246 26 27 28 29 30 251 20 21 77 182 72 14 124 81 127 130 125 100 80 154 151 129 127 130 131 134 136 84 85 86 197 111 55 113 58 166 167 62 64 118 119 121 158 81 127 130 131 130 73 118 72 73 118 128 70 80 128 125 126 128 123 128 83 155 185 83 135 135 136 92 89 188 49 95
4 5 6 99 10 11 55 66 46 63 88 89 90 91 92 75 9 97 87 88 89 90 91 92 91 40 41 42 96 39 43 45 49 50 51 52 21 22 24 9 25 58 96 41 42 39 43 30 31 32 28 38 24 9 25 58 51 72 13 50 91 51 52 51 33 42 96 39 34 43 39 34 42 43 30 31 29 48 49 50
4 5 6 52 8 9 8 8 9 20 21 14 14 15 17 16 17 56 20 30 50 51 31 25 26 9 10 27 10 27 56 35 12 13 14 15 17 11 19 20 21 24 25 26 39 39 14 15 17 11 19 20 21 49 22 23 25 26 9 10 27 27 56 50 51 31 30 42 43 44 45 46 47 46 42 41 44 45 34 32
4 5 232 226 51 52 103 60 106 58 140 142 140 178 40 41 144 141 182 75 128 129 132 172 173 148 66 67 23 176 151 152 156 99 79 83 97 98 61 62 101 186 103 138 125 147 99 156 185 186 187 218 24 218 26 191 162 41 184 215 216 217 29 188 127 192 136 49 229 229 229 226 230 229 6
4 5 273 122 10 11 16 13 53 15 11 16 13 52 203 204 195 196 216 213 214 212 217 218 215 236 256 257 236 256 30 31 12 33 219 154 177 97 228 95 223 127 97 228 95 177 145 241 46 239 61 238 239 96 57 65 12 67 240 61 158 142 143 97 157 141 143 97 188 141 142 97 155 177 20 28 134 135 136 251
4 5 284 279 238 65 74 11 49 53 210 218 186 179 246 11 135 248 15 61 268 12 112 34 30 112 243 117 151 131 156 22 24 48 42 125 95 103 90 91 143 46 152 90 91 143 46 152 90 91 143 131 240 117 223 118 117 243 67 68 236 213 55 51 256 56 125 50 110 59 193 186 193 170 50 110 59 193 185 172
4 5 6 61 25 26 17 28 29 35 20 17 33 29 35 36 57 47 54 19 52 36 18 26 20 17 28 29 35 16 12 11 23 39 57 47 18 19 26 26 28 29 35 20 17 28 29 35 16 12 11 23 39 54 22 26 26 36 57 47 54 19 16 12 10 18 19 52 36 57 22 26 26 36 57 47 54 16 12 11
4 5 229 50 51 197 102 60 105 58 139 141 139 175 40 41 143 140 179 75 127 128 221 131 169 170 71 66 68 173 85 40 41 113 114 115 151 97 179 75 127 128 210 61 62 218 59 139 141 139 141 94 175 151 153 153 182 101 184 104 105 106 32 62 111 112 113 114 115 151 56 186 97 61 210 210 61 62 24 167
4 5 40 34 36 8 9 10 24 16 17 18 19 11 30 21 21 30 25 12 8 9 10 24 18 16 26 19 30 21 21 30 25 12 23 21 21 30 25 9 10 24 21 21 27 25 24 21 21 5 40 34 7 25 7 9 10 24 16 26 18 19 30 21 21 30 25 12 23 21 21 30 25 9 10 24 21 21 27 25
4 5 176 8 65 81 85 82 80 81 85 82 80 81 85 83 84 79 80 81 85 82 80 81 85 82 80 81 85 87 88 89 90 91 92 93 95 96 79 80 81 85 82 80 81 85 82 95 96 89 90 91 92 93 95 96 79 80 81 82 83 85 86 87 88 89 90 91 92 93 95 96 79 82 80 81 85 82 80 81
4 5 6 7 21 100 101 13 12 13 14 14 100 21 100 101 103 21 13 12 13 97 54 98 54 21 100 101 13 12 13 14 14 100 21 100 101 103 21 13 12 13 97 54 98 54 21 100 101 13 12 13 14 14 100 21 100 101 103 21 13 12 13 97 54 98 54 21 100 101 13 12 13 14 14 100 21 100 101 103
4 5 6 70 8 10 58 12 13 14 15 16 17 18 19 20 21 23 24 12 43 46 49 51 52 53 54 55 23 24 12 34 35 36 37 38 39 40 41 42 43 53 54 23 24 59 34 35 34 48 35 63 64 65 66 67 68 69 70 70 70 7 74 70 6
4 5 66 8 69 14 12 75 76 77 78 79 80 81 82 83 84 85 86 87 88 89 90 91 92 93 94 95 96 41 98 99 100 34 102 103 104 105 106 107 8 109
4 5 8 125 7 39 116 9 10 12 95 96 100 100 100 91 124 9 118 12 15 17 20 21 50 20 24 29 9 118 11 12 95 95 113 15 62 63 14 29 15 16 20 21 50 24 47 48 48 48 51 24 29 63 106 44 107 80 89 78 79 108 125 10 82 95 96 99 100 100 91 127 125 125 124 128 125 6
4 5 71 67 7 71 23 62 11 15 44 40 44 59 17 41 17 49 44 50 23 62 63 17 41 17 49 54 31 44 50 9 10 63 22 52 21 55 52 56 53 18 40 18 40 44 50 35 20 21 46 52 64 18 40 44 50 35 20 21 46 52 64 18 40 44 50 35 20 21 46 52 64 18 40 44 50 35 20 21
4 5 141 7 101 20 10 41 9 10 48 62 28 26 125 28 59 52 8 20 40 41 102 10 85 37 66 67 109 20 125 28 59 26 125 28 85 52 32 26 125 28 60 82 83 84 47 41 21 22 23 128 8 20 40 41 9 10 85 36 109 45 130 85 83 47 24 104 64 82 83 84 47 73 73 64 101 21 41 92
4 5 129 124 8 86 10 11 12 13 14 15 16 45 18 19 20 21 111 71 63 101 73 11 112 118 119 118 112 53 61 55 118 119 118 112 63 71 72 73 74 77 78 79 54 81 16 84 85 9 87 88 89 90 91 92 93 26 95 96 97 20 99 100 101 102 102 113 60 54 62 76 77 78 79 75 81 16 84 85
4 5 6 146 31 32 33 77 139 114 115 116 116 80 79 24 134 72 92 95 94 93 92 94 95 98 97 102 98 98 97 98 94 108 139 118 142 76 139 76 46 47 48 68 72 69 129 84 90 101 99 97 98 73 108 53 53 58 109 54 40 113 76 61 111 129 24 91 88 92 94 86 95 94 97 102 98 73 108 53
4 119 32 121 76 5 187 188 189 190 167 241 213 157 175 209 208 167 241 234 155 156 215 216 165 219 171 177 52 214 21 76 77 87 131 152 145 233 234 155 156 213 213 176 50 52 163 182 94 127 201 240 139 211 215 248 159 78 18 182 94 130 64 65 15 73 199 185 33 243 226 105 65 13 113 114 64 75 187 188
4 5 70 66 12 13 13 14 15 16 17 18 19 21 22 23 24 24 14 60 12 13 14 15 16 17 18 19 21 22 23 24 24 14 60 12 13 14 15 16 17 18 19 21 22 23 24 24 14 60 12 13 14 15 16 17 18 19 20 21 22 23 24 24 62 63 62 63 19 17 18 19 20 21 22 23 24 62 63 62
4 5 6 51 35 36 37 28 30 29 34 11 33 34 39 17 19 19 35 26 45 38 40 41 39 17 30 29 34 11 33 34 39 17 19 40 19 17 29 33 34 39 35 26 45 38 40 41 39 30 29 11 10 23 47 34 29 30 33 34 11 33 30 29 34 11 33 27 14 12 15 16 18 21 48 24 25 36 45 38
4 5 57 7 11 32 46 46 11 10 52 16 33 18 30 32 10 10 16 33 18 30 32 10 10 47 16 48 18 30 32 10 16 33 18 30 32 10 10 47 16 33 18 30 32 10 10 47 16 33 18 30 32 10 10 47 16 33 18 30 32 10 10 47 16 33 18 30 32 10 10 47 16 33 18 30 32 10 10 47
4 5 6 89 65 8 16 66 9 7 6 28 38 31 18 15 45 35 34 54 53 55 24 25 46 23 79 82 61 46 23 79 60 78 49 51 17 14 75 42 45 73 45 53 57 35 34 54 55 46 23 77 50 51 77 50 51 77 23 52 75 42 17 18 75 45 55 53 57 35 34 54 78 79 61 46 23 77 50 75
4 5 7 26 9 13 23 11 12 11 10 81 31 32 70 42 18 35 65 41 81 31 34 33 67 68 12 11 11 14 36 63 29 34 40 31 32 36 16 38 30 41 40 34 33 67 68 12 79 39 44 65 50 51 83 14 36 16 29 30 41 40 34 32 31 51 50 14 36 16 29 30 41 40 34 33 67 68 12 79
4 5 6 16 8 219 201 220 21 11 12 17 154 185 141 231 224 225 209 51 116 65 72 93 55 56 57 59 58 59 185 150 169 86 222 62 215 211 82 151 65 104 105 191 221 156 72 165 197 173 197 126 205 38 103 104 167 166 167 38 221 221 118 56 57 131 132 150 221 136 105 145 115 86 169 86 139 169 166 167
4 5 81 74 36 9 10 39 12 13 14 15 16 17 18 19 20 32 22 23 14 12 13 14 15 16 17 52 53 61 62 63 64 65 66 67 68 69 45 46 36 37 10 11 12 13 14 15 16 17 18 19 20 32 22 23 29 25 25 26 74 74 74 74 78 79 74 6
4 5 6 74 11 11 12 13 14 228 45 46 47 50 46 47 50 46 89 50 46 89 50 46 89 50 46 89 50 46 89 50 46 89 50 46 47 50 46 89 50 46 89 50 46 89 50 46 89 50 46 89 50 46 89 50 46 47 50 46 47 50 46 89 50 46 47 50 46 47 50 46 47 50 46 89 50 46 47 50
4 5 6 48 8 8 36 37 26 29 30 114 15 35 73 75 76 77 71 23 23 22 23 55 60 67 68 69 98 75 78 71 72 66 67 56 57 58 73 74 111 112 112 34 55 66 67 68 69 75 76 71 70 71 23 62 63 98 60 61 62 63 98 97 98 96 97 98 32 33 34 93 109 107 95 96 19 20 21 22
4 5 124 8 75 9 10 9 10 100 84 13 21 15 16 53 18 19 70 110 28 29 30 11 84 33 109 110 111 112 113 114 115 8 117 8 117 7 117 116 116 116 8 122 76 6
4 5 6 160 48 96 97 98 67 95 96 97 51 68 44 130 130 44 69 94 18 15 23 23 24 22 23 15 57 138 138 138 137 149 121 89 65 121 89 141 41 143 74 75 127 138 138 137 149 121 89 65 121 64 89 141 41 143 129 75 127 138 138 15 126 82 112 81 141 50 143 129 75 127 138 27 23 15 57 19
4 5 203 52 198 53 151 56 57 58 59 60 61 20 63 64 65 66 109 108 67 68 69 70 71 119 56 74 75 76 77 78 79 80 81 82 83 102 103 104 105 107 108 66 109 108 116 117 118 151 120 115 116 117 118 160 120 121 122 123 124 125 126 17 128 129 130 148 149 150 119 152 153 154 155 156 157 158 159 119
4 5 178 99 12 47 14 45 148 16 17 14 80 84 140 86 145 149 148 151 151 146 156 87 88 153 141 61 167 169 156 168 58 167 169 156 46 17 19 75 74 30 61 167 169 170 171 171 92 163 127 171 92 163 162 96 169 156 170 127 171 92 163 171 94 16 17 14 45 80 84 131 85 80 40 40 26 86 136 145
4 5 6 7 109 9 65 18 19 79 16 17 18 19 79 21 22 23 113 28 16 17 18 19 79 21 22 112 113 28 16 17 18 19 79 21 22 23 113 28 16 17 18 19 79 21 22 23 113 28 16 17 18 19 79 21 22 23 113 28 16 17 18 19 79 21 22 23 113 28 16 17 18 19 79 21 22 95 113 28
4 5 61 55 8 8 17 26 34 16 18 21 23 22 21 22 15 21 22 24 21 22 15 49 52 51 13 51 52 37 29 30 31 32 37 46 39 38 27 30 44 32 46 41 37 38 39 27 27 13 51 52 19 53 53 20 13 44 32 36 37 46 41 38 39 27 27 13 51 52 19 53 53 20 13 44 32 37 11 46
4 5 222 219 11 147 150 108 37 9 158 147 150 21 21 66 197 148 199 200 95 85 9 160 64 20 20 133 33 72 34 118 77 115 78 76 68 70 182 84 37 92 102 109 46 106 49 133 133 136 134 106 46 136 106 141 172 137 55 141 146 137 55 141 146 172 142 146 59 154 191 42 53 53 43 144 126 26 24 105
4 5 6 9 8 9 10 211 12 13 14 16 5 6 9 8 9 10 211 12 13 14 16 5 6 9 8 9 10 211 12 13 14 16 5 6 9 8 9 10 211 12 13 14 16 5 6 9 8 9 10 211 12 13 14 16 5 6 9 8 9 10 211 12 13 14 16 5 6 9 8 9 10 211 12 13 14 16 5 6
4 5 159 156 8 9 48 11 12 13 14 35 10 17 90 19 20 21 22 23 24 25 26 27 28 69 30 31 86 33 34 35 36 37 38 11 40 41 42 52 44 45 46 47 37 38 39 50 51 52 53 54 55 56 57 58 59 60 61 62 63 62 63 102 103 104 105 106 107 108 10 110 111 112 113 114 115 69 117 118
4 5 116 112 63 64 71 66 67 77 78 9 17 9 10 14 10 10 14 13 21 82 83 25 26 27 28 30 12 11 30 113 63 64 65 66 67 77 78 70 64 65 72 67 77 78 9 89 21 13 14 79 99 39 84 98 105 93 65 95 106 107 108 109 20 21 82 100 23 82 83 25 26 27 28 30 12 11 30 113
4 5 6 7 8 10 11 13 16 17 18 19 13 45 107 95 17 18 18 19 45 12 92 29 103 36 119 120 119 120 121 39 39 55 90 39 39 39 90 87 93 67 34 27 87 19 18 19 13 45 107 95 95 17 18 71 19 13 36 6 7 38 55 39 39 90 90 119 120 119 120 121 39 39 55 90 39 39 39 90
4 5 6 7 81 82 83 84 97 82 69 63 17 115 114 115 109 36 103 16 19 15 105 20 33 66 65 39 115 114 115 109 114 118 72 44 45 43 78 41 42 32 29 34 13 21 19 107 14 51 29 43 32 38 40 39 72 44 51 89 98 93 56 95 96 33 112 84 85 86 69 15 67 33 33 39 79 75 71 9
4 5 6 186 9 25 26 47 49 12 51 52 53 54 55 56 57 58 59 60 61 62 63 64 65 14 15 68 69 70 71 72 44 74 167 76 77 78 79 80 81 82 83 84 85 86 87 34 89 90 91 92 93 94 25 96 47 98 152 100 101 102 103 104 105 106 107 108 109 96 111 112 113 114 115 116 117 118 119 20
4 5 6 112 10 10 28 8 28 9 31 68 94 35 46 58 8 60 61 62 43 64 9 29 31 68 94 35 36 42 60 61 62 43 64 41 40 98 41 14 98 50 86 87 88 98 14 104 98 14 98 62 60 61 63 43 64 91 91 73 64 40 91 91 73 64 99 100 34 95 72 99 100 31 44 101 46 42 60 61
4 5 6 7 14 14 41 33 40 32 63 41 14 17 19 18 10 11 24 51 20 61 53 24 10 63 32 40 63 32 46 30 49 56 36 58 59 60 26 56 36 37 39 61 34 27 36 29 63 32 40 33 44 49 30 39 57 58 63 40 32 63 44 17 19 50 51 50 30 56 28 58 59 60 26 27 36 37 39 61
4 5 6 55 56 50 50 43 44 34 8 9 32 11 12 13 15 16 17 25 19 20 21 22 23 26 24 27 20 21 26 27 37 33 39 50 43 33 45 50 47 48 24 26 23 26 32 50 35 36 37 38 39 40 22 42 41 37 33 39 22 40 41 42 41 13 16 14 15 10 43 38 45 50 43 44 34 50 47 48
4 5 53 52 8 8 14 38 22 23 13 24 34 35 26 40 18 19 20 28 31 40 19 21 46 33 42 33 27 39 38 33 38 21 38 34 25 36 44 42 19 20 18 42 19 33 40 20 33 38 33 27 39 38 33 40 18 19 20 18 42 19 33 40 33 33 27 39 38 33 40 18 19 20 42 33 40 19 21 46
4 5 35 56 8 33 34 24 25 42 22 23 24 34 26 27 28 29 30 31 33 28 29 65 50 51 57 53 54 44 46 47 48 49 50 51 57 53 59 60 61 62 63 70 71 72 73 74 75 77 79 72 73 74 76 78 79 79 45 26 80 49 50 51 57 53 59 60 61 62 63 61 22 66 67 68 69 70 71 72
4 5 6 7 8 9 10 183 12 29 28 20 15 82 18 20 67 75 75 95 29 28 20 15 118 16 99 100 22 101 24 23 24 25 102 127 128 158 129 130 79 88 71 89 114 115 136 137 89 135 92 148 87 86 156 171 89 87 165 156 82 74 133 134 135 167 171 134 135 156 35 37 36 37 35 74 82 74 133 134
4 5 6 47 46 29 17 17 19 27 30 41 16 23 19 14 13 41 16 17 39 40 21 38 20 8 9 10 11 20 21 38 14 13 14 12 13 14 22 10 19 25 39 31 25 42 14 12 13 14 22 20 39 40 21 38 47 46
4 5 367 74 11 11 12 13 259 229 45 46 89 50 46 42 50 46 47 50 46 42 50 46 42 50 46 47 50 46 42 50 46 47 50 46 47 50 46 47 50 46 47 50 46 42 50 46 42 50 46 89 50 46 47 50 46 47 50 46 47 50 46 42 50 46 47 50 46 89 50 46 47 50 46 47 50 46 42 50
4 5 126 122 11 11 71 70 72 72 42 14 18 59 16 15 17 17 21 22 93 136 100 119 128 100 119 30 18 19 16 15 38 71 70 72 116 70 72 62 63 17 15 48 32 40 51 30 34 46 45 43 69 21 93 136 136 93 136 47 134 71 81 82 71 70 72 116 70 72 137 63 130 88 90 35 101 21 59 58
4 5 113 102 8 84 10 11 12 13 14 15 16 45 18 19 20 21 22 23 68 25 92 27 28 45 30 32 33 34 35 36 37 38 39 40 41 42 43 17 46 47 48 49 21 107 52 79 54 55 56 57 58 59 62 63 64 65 66 67 24 69 70 71 72 73 76 78 81 82 83 9 85 86 87 88 89 90 91 26
4 5 59 25 8 10 12 13 14 15 15 36 34 35 14 12 13 14 48 31 32 33 19 21 22 52 8 37 22 15 13 14 13 14 12 13 14 15 45 12 20 21 22 18 41 51 45 21 22 18 41 51 45 36 34 35 14 15 12 13 14 48 31 32 33 19 21 22 52 8 37 22 15 13 14 13 14 12 13 14
4 5 6 10 24 6 47 47 47 35 32 24 9 47 47 47 47 35 32 47 47 47 47 35 32 47 47 47 47 35 32 47 47 47 47 35 32 47 47 47 47 35 32 47 47 47 47 35 32 47 47 47 47 35 32 47 47 47 47 35 32 47 47 47 47 35 32 47 47 47 47 35 32 47 47 47 47 35 32 47
4 5 6 64 8 49 50 41 12 13 14 15 16 17 18 19 29 49 21 11 46 45 43 36 37 38 39 32 33 42 43 44 46 47 48 20 40 22 42 43 44 34 35 45 47 48 9 40 51 42 43 44 34 35 45 47 48 31 50 22 42 43 44 34 35 45 47 48 31 21 22 42 43 44 34 35 45 47 48 31
4 5 112 106 8 9 10 11 12 13 14 15 80 17 18 19 20 21 90 23 67 25 26 27 28 17 29 31 32 33 34 35 36 37 38 39 40 41 42 17 45 46 47 48 21 50 51 59 53 54 55 56 57 58 61 62 63 64 65 66 67 25 69 70 71 72 52 74 75 76 77 73 79 80 81 82 9 84 85 86
4 5 121 8 41 93 41 41 42 41 41 41 42 41 41 23 109 25 77 99 77 70 41 41 41 41 56 57 58 42 43 53 20 25 23 109 25 26 28 26 64 48 50 59 43 44 49 29 30 66 93 22 49 88 47 48 46 64 62 63 64 62 63 64 62 29 64 48 79 80 81 64 62 63 64 48 79 80 81 46
4 5 8 7 43 8 14 10 12 21 15 12 21 15 33 23 25 26 27 28 8 43 42 21 10 12 17 19 42 8 8 8 8 8 8 8 8 8 8 8 8 8 8 8 8 8 8 8 8 8 8 8 8 8 8 8 8 8 8 8 8 8 8 8 8 8 8 8 8 8 8 8 8 8 8 8 8 8 8 8
4 5 168 7 28 48 96 165 48 30 45 46 79 18 19 20 18 17 149 22 78 48 96 165 48 30 31 46 79 18 141 20 17 96 28 48 87 130 96 165 130 30 31 46 79 18 141 20 17 96 28 48 87 48 96 165 78 30 31 46 79 18 19 20 17 96 28 48 87 48 96 165 78 30 45 46 79 18 19 20
4 5 6 36 60 60 11 12 14 47 52 53 54 55 51 21 47 19 18 28 28 28 42 18 28 47 52 53 54 55 51 21 47 19 18 28 28 28 63 63 63 7 67 10 6
4 5 6 77 42 74 50 68 8 14 15 72 26 27 22 44 29 23 54 53 54 53 54 53 24 40 34 40 36 37 35 9 31 9 31 30 63 63 42 52 51 52 51 18 68 69 70 71 16 74 74 47 76
4 5 6 77 8 9 73 74 75 76 100 25 41 61 35 33 37 25 60 31 32 33 35 33 37 25 41 108 32 33 35 33 37 25 23 31 32 33 35 33 37 25 41 108 32 33 35 33 37 25 60 31 32 33 35 33 37 25 23 108 32 33 35 33 37 25 23 31 32 33 35 33 37 25 41 108 32 33 35 33
4 5 50 45 46 6 39 40 41 42 24 8 27 9 23 20 22 24 8 27 9 23 20 22 10 11 24 22 18 34 33 35 34 17 34 33 35 34 17 34 33 35 34 17 34 33 35 34 17 34 33 35 34 17 34 33 35 34 17 34 33 35 34 17 34 33 35 34 17 34 33 35 34 17 34 33 35 34 17 34
4 5 19 142 92 94 24 10 11 12 13 14 15 54 61 109 49 50 51 52 53 16 98 131 108 55 106 131 100 55 62 106 107 108 37 114 67 50 51 116 112 113 114 67 111 112 113 114 116 112 113 114 116 112 113 114 116 112 113 114 116 112 113 114 116 112 113 114 116 112 113 114 116 112 113 114 116 112 113 114
4 5 113 107 8 9 10 11 12 13 14 15 81 30 18 19 96 50 22 23 68 69 92 27 28 31 45 32 33 34 35 36 37 38 39 40 41 42 43 17 46 47 48 49 50 51 52 79 54 55 56 57 58 59 62 63 64 65 66 67 24 69 70 71 72 73 76 77 78 53 80 81 82 83 9 85 86 87 88 89
4 5 31 8 28 9 13 11 21 23 12 24 15 16 15 16 15 16 21 23 19 15 16 15 16 15 16 15 16 15 16 15 16 15 16 15 16 15 16 15 16 15 16 15 16 15 16 15 16 15 16 15 16 15 16 15 16 15 16 15 16 15 16 15 16 15 16 15 16 15 16 15 16 15 16 15 16 15 16 15
4 5 123 7 35 40 41 100 45 44 95 113 97 39 51 76 42 91 65 66 67 109 36 11 35 51 52 93 95 96 98 32 44 31 36 51 53 116 45 68 107 84 108 15 78 47 78 47 78 47 78 47 78 47 78 47 78 47 78 47 78 47 78 47 78 47 78 47 78 47 78 47 78 47 78 47 78 47 78 47
4 5 125 7 8 125 28 29 30 31 38 37 82 17 18 71 20 21 22 23 24 25 43 27 28 29 30 31 32 33 34 35 36 37 38 39 40 98 122 122 124 99 100 88 31 38 37 38 37 46 43 48 8 46 43 48 45 50 51 52 53 54 55 56 57 46 43 48 86 53 89 54 55 56 85 57 86 87 82 89
4 5 190 22 8 9 10 19 14 142 60 59 58 26 106 117 63 118 119 66 66 56 69 9 154 155 74 156 157 76 159 176 9 96 184 180 99 100 183 102 103 176 105 106 36 108 38 151 70 44 114 44 40 10 19 14 25 108 110 32 139 103 35 109 10 19 12 137 38 137 38 136 46 67 161 129 134 135 52 53
4 5 6 41 8 23 15 9 10 18 11 31 33 32 33 32 24 14 29 26 14 24 16 17 18 19 37 38 26 26 15 26 14 24 16 17 18 19 37 38 25 26 27 24 14 29 16 17 18 19 37 38 25 26 27 24 14 29 16 17 18 19 37 38 26 15 26 14 24 16 17 18 19 37 38 25 26 27 24 14
4 5 6 199 8 9 10 11 12 13 55 34 69 70 35 36 37 178 179 180 181 41 183 38 185 186 46 47 48 49 191 41 183 38 44 45 46 47 48 49 54 182 183 178 44 186 46 47 48 49 54 41 183 43 44 45 46 47 48 49 191 41 183 43 44 186 46 47 48 49 54 41 183 43 44 186 46 47 48 49
4 5 6 7 8 12 8 16 16 12 15 16 16 38 10 40 41 41 44 44 43 43 31 18 54 7 33 39 11 36 37 38 10 40 41 48 49 50 51 52 53 54 19 19 19 7 59 19 6
4 5 78 72 10 69 70 16 23 17 17 54 71 31 36 13 34 49 35 36 33 38 20 34 49 43 38 38 38 20 42 22 66 12 68 23 17 40 47 42 22 66 36 68 27 70 63 28 28 28 28 53 42 43 39 58 51 52 52 51 46 46 46 44 22 11 10 16 43 53 42 22 66 36 68 23 23 17 18 54
4 5 105 99 64 65 86 10 71 72 85 65 86 10 45 46 47 15 49 68 16 80 56 69 93 59 48 49 68 16 56 69 73 56 58 12 11 77 58 50 21 11 80 15 49 68 16 68 22 69 93 13 15 49 68 16 80 56 69 93 13 48 49 68 16 80 56 69 93 59 15 49 68 16 80 56 69 93 59 48
4 5 6 8 50 17 74 71 69 14 40 41 42 31 44 83 46 24 55 22 30 30 82 45 47 17 71 73 60 69 42 31 63 9 40 41 61 43 44 70 79 53 15 24 47 82 84 24 47 71 22 30 30 55 47 45 24 47 71 22 30 55 47 45 24 47 71 22 30 55 47 45 24 47 71 22 30 82 47 45
4 25 70 82 8 9 9 72 76 77 78 79 80 81 7 83 7 11 7 9 82 57 31 32 33 57 58 59 60 61 62 63 33 64 65 66 66 68 69 70 71 41 42 43 45 46 47 48 49 50 51 52 45 55 55 47 56 30 31 32 33 34 35 20 16 36 41 42 43 45 46 55 55 57 58 59 60 61 62 63
