4 5 145 140 32 146 51 52 66 79 115 116 117 55 22 36 37 28 35 113 21 113 124 32 51 65 66 117 55 54 55 22 36 37 136 35 113 115 116 102 55 54 55 22 36 37 28 35 113 115 116 102 118 8 63 119 120 130 99 132 79 115 116 117 55 54 55 22 36 37 113 124 32 146 51 99 66 117 55 54
4 5 143 7 11 28 11 12 27 12 27 28 38 38 39 65 62 114 112 126 60 134 135 21 60 111 17 17 17 17 17 17 101 88 46 90 94 93 93 101 88 32 33 94 50 110 106 95 96 50 110 106 20 95 96 106 110 106 110 106 20 95 96 106 110 106 20 95 96 50 110 106 20 95 96 106 110 106 110 106
4 5 34 30 29 6 29 20 15 20 13 20 16 20 19 20 21 34 30 5 34 30 30 24 6 29 20 15 20 13 20 16 20 19 20 21 34 30 5 34 30 30 24 6 29 20 15 20 13 20 16 20 19 20 21 34 30 5 34 30 30 24 6 29 20 15 20 13 20 16 20 19 20 21 34 30 5 34 30 30
4 117 118 121 120 121 5 6 8 27 18 104 105 106 107 15 35 36 37 38 39 40 41 42 116 20 21 22 28 24 25 26 27 28 29 30 31 45 80 34 35 36 37 38 39 40 41 42 116 20 21 22 23 24 25 26 27 28 29 30 31 45 33 34 35 36 37 38 39 40 41 42 19 20 21 22 23 24 25 26
4 5 58 7 10 9 10 8 9 8 21 22 25 26 23 24 24 26 24 25 26 47 9 10 8 9 8 18 19 12 14 15 49 18 19 34 35 19 20 35 9 8 35 42 41 44 21 46 47 46 47 23 24 24 26 24 25 26 47 42 41 44 44 40 43 11 34 35 19 20 35 35 42 41 39 39 40 41 42 43
4 5 6 76 67 79 11 12 82 84 83 34 24 33 96 97 96 33 24 33 52 52 52 52 52 72 73 74 74 67 53 77 56 88 15 22 82 34 84 83 29 99 106 107 108 108 107 110 110 111 110 111 102 101 103 38 50 111 96 32 101 102 50 50 38 50 111 69 24 33 96 97 100 33 52 52 52 52 52 52
4 5 6 30 19 10 16 18 12 15 20 21 23 24 25 25 25 7 29 28 31 19 10 18 12 16 15 20 21 23 24 25 25 25 7 29 28 6
4 5 241 231 232 233 234 190 157 63 158 159 160 161 162 162 104 37 35 218 69 31 44 185 187 188 187 188 63 116 51 37 34 132 87 133 198 28 74 190 125 63 158 159 160 161 162 162 104 117 35 209 219 146 23 157 66 63 158 159 160 161 162 162 104 180 69 120 32 185 36 117 104 180 69 120 19 45 36 87
4 5 84 81 8 25 35 34 25 35 34 29 31 31 33 34 25 35 34 29 31 31 33 34 25 35 34 29 31 31 33 34 25 35 34 29 31 31 33 34 25 35 34 29 31 31 33 34 25 35 34 29 31 31 33 34 25 35 34 29 31 31 33 34 25 35 34 29 31 31 33 34 25 35 34 29 31 31 33 34
4 5 52 25 8 8 10 11 12 16 17 18 21 26 41 24 24 10 11 12 16 17 18 21 26 27 24 24 28 28 29 30 29 30 42 49 42 49 43 44 34 11 12 16 17 18 21 26 41 43 44 34 11 12 16 17 18 21 22 27 24 31 28 29 30 29 30 42 49 42 49 43 44 34 11 12 16 17 18 21
4 5 6 54 66 6 48 48 48 16 16 21 22 23 22 23 22 23 22 23 22 23 22 23 22 23 22 23 22 23 22 23 22 23 22 23 22 23 22 23 22 23 22 23 22 23 22 23 22 23 22 23 22 23 22 23 22 23 22 23 22 23 22 23 22 23 22 23 22 23 22 23 22 23 22 23 22 23 22 23
4 5 6 6 7 48 62 30 29 30 55 79 25 90 78 79 81 82 99 45 50 51 66 16 15 49 45 46 68 100 101 100 69 36 91 40 41 92 81 82 99 45 50 47 64 53 54 93 92 98 105 106 31 38 30 28 62 9 62 15 14 16 18 23 35 24 25 22 87 19 20 22 87 99 45 67 47 63 17 16
4 5 53 8 8 53 30 17 32 12 22 22 23 22 23 21 22 23 22 21 22 23 22 21 22 23 22 21 22 23 22 21 22 23 22 21 22 23 22 21 22 23 22 21 22 23 22 21 22 23 22 21 22 23 22 21 22 23 22 21 22 23 22 21 22 23 22 21 22 23 22 21 22 23 22 21 22 23 22 21
4 5 114 7 8 84 10 11 12 13 14 15 81 29 18 19 96 49 22 23 24 68 26 27 28 43 29 30 31 32 33 34 35 36 37 38 39 40 41 42 43 44 45 46 47 48 21 111 78 59 53 61 51 78 52 53 69 61 62 63 64 65 66 67 83 99 100 100 101 50 103 104 105 106 50 50 50 108 112 110
4 5 6 220 29 136 137 32 8 86 76 75 77 38 78 43 105 96 43 111 62 107 109 110 111 112 113 115 115 177 179 180 181 144 209 137 138 139 140 49 20 21 182 24 72 72 70 67 68 154 155 156 157 153 154 155 156 157 90 155 167 89 163 159 160 89 172 172 178 168 119 120 207 124 125 126 127 27 129 130
4 5 113 102 8 9 10 11 12 13 14 15 16 17 18 19 96 50 22 23 24 69 26 27 28 17 17 32 33 34 35 36 37 38 39 40 41 42 43 31 46 47 48 49 50 107 52 74 54 55 56 57 58 59 62 63 64 65 66 67 68 83 99 100 100 101 7 103 104 105 106 51 51 51 7 111 108 113
4 5 16 8 7 9 8 7 9 7 14 7 16 7 9 8 8 8 7 14 15 16 16 15 5 16 8 9 16 7 9 8 8 7 14 8 16
4 5 6 196 196 53 195 195 153 154 16 155 156 157 158 118 73 161 162 163 164 165 166 167 168 169 170 171 172 173 171 63 182 179 187 189 190 17 192 193 194 195 52 54 118 56 57 58 59 60 61 103 64 65 66 67 68 69 71 118 56 74 75 76 77 78 79 80 81 82 83 84 85 86 87 93 94 95 91 92
4 5 47 8 73 23 44 29 48 38 52 55 55 56 58 57 62 44 29 37 33 68 41 68 40 41 68 37 66 63 44 26 13 52 55 54 49 52 55 55 56 36 46 44 29 37 52 68 41 68 41 68 40 36 44 29 37 66 63 44 26 21 62 48 38 57 58 57 58 60 43 60 57 58 57 58 62 44 11 16
4 5 370 7 10 10 179 52 53 158 17 18 77 78 115 226 284 228 229 333 334 335 11 340 67 100 101 102 137 128 129 130 131 132 133 134 135 84 294 22 24 25 11 348 340 341 363 303 304 53 77 50 230 229 225 128 234 233 234 284 50 50 52 53 201 175 202 197 198 354 202 125 210 250 148 149 141 150 143 155
4 5 6 11 8 9 77 86 86 86 73 86 29 27 75 74 72 77 9 77 9 7 10 91 16 15 23 51 50 23 14 17 38 34 35 50 51 50 51 40 69 70 69 70 82 70 65 70 82 74 75 74 51 40 65 70 65 70 82 74 75 74 51 40 65 70 65 70 82 74 75 74 51 40 65 70 65 70 82 74
4 5 207 51 52 53 170 55 56 57 105 59 58 61 62 63 67 21 69 28 70 69 68 115 116 117 128 128 129 129 114 104 59 58 152 23 152 132 63 62 63 114 104 77 61 62 63 65 85 79 80 87 81 109 83 84 85 86 87 197 90 90 92 93 94 95 96 97 98 96 97 142 145 40 146 147 145 40 132 111
4 5 142 171 8 13 140 139 165 111 114 89 89 105 94 80 98 98 52 157 72 138 69 89 89 105 104 94 162 80 98 34 80 79 101 101 35 36 102 38 37 108 47 45 123 120 45 47 45 50 127 50 72 72 72 73 69 85 164 162 80 155 101 101 108 121 119 21 115 123 45 120 46 50 72 72 72 69 140 23
4 5 92 7 21 42 42 9 18 43 45 82 83 84 85 40 45 43 16 18 19 58 50 62 63 28 39 18 45 43 44 81 83 83 84 85 58 32 52 29 27 49 50 51 52 29 28 42 9 18 45 43 82 83 83 84 85 40 45 43 44 81 83 83 83 84 85 58 32 52 29 28 42 9 18 45 43 82 83 83
4 5 6 30 9 14 21 22 23 24 27 8 8 21 22 23 24 7 15 11 8 8 23 21 22 23 24 28 15 11 8 8 23 21 22 23 24 7 15 11 8 23 24 7 15 16 8 23 24 13 27 27 9 29 13 31
4 5 6 175 10 11 12 103 58 121 136 142 14 16 96 145 116 66 61 132 66 14 16 96 83 34 151 66 14 16 96 145 116 66 61 132 66 14 16 96 145 116 66 14 16 96 145 116 66 14 147 16 154 159 54 137 159 71 73 164 22 92 75 129 138 138 98 129 89 89 167 39 145 116 66 61 132 66 120 63
4 5 6 8 45 98 85 44 22 27 81 85 71 87 88 88 91 91 22 27 81 82 83 85 71 87 88 92 93 94 95 96 96 27 78 19 21 60 61 61 92 93 94 95 96 96 27 81 85 83 84 85 85 92 87 88 91 91 89 90 91 22 27 81 52 85 44 84 85 44 84 85 44 112 88 86 62 88 89 90
4 5 158 152 32 66 34 35 46 112 65 66 34 35 141 137 137 137 122 122 61 76 76 100 86 82 88 80 144 113 53 123 95 83 9 24 38 17 42 19 17 78 149 101 83 9 24 38 111 112 143 146 113 114 113 114 113 114 37 143 146 41 76 142 142 146 41 76 102 133 19 17 18 17 99 129 77 99 104 144
4 5 74 69 19 37 38 39 53 57 17 13 54 54 19 37 38 39 57 53 57 52 54 54 54 50 13 12 43 49 12 43 49 14 49 14 49 14 49 14 49 14 49 14 49 14 49 14 49 14 49 14 49 14 49 14 49 14 49 14 49 14 49 14 49 14 49 14 49 14 49 14 49 14 49 14 49 14 49 14
4 5 270 254 48 252 252 120 17 104 122 16 243 21 22 24 25 26 44 85 72 238 19 70 238 208 220 248 252 250 252 29 181 31 37 36 210 24 25 46 85 87 87 112 36 235 107 40 32 42 240 34 35 233 231 147 32 125 42 75 101 102 103 104 105 60 61 128 104 100 160 223 232 109 110 111 109 148 149 150
4 5 6 145 47 42 51 64 25 116 25 140 72 47 45 10 44 42 43 124 124 28 38 26 132 134 134 134 134 37 28 38 38 132 132 65 65 20 21 26 132 132 134 134 134 134 133 38 132 132 71 65 65 20 21 26 132 132 134 134 134 134 133 38 132 132 71 65 65 20 21 26 132 132 134 134 134 134 134 132
4 5 6 7 47 9 18 11 12 37 14 15 16 17 18 19 20 21 23 24 25 108 27 28 29 30 48 52 40 35 55 13 94 15 16 34 35 65 70 36 79 80 81 82 83 84 85 86 81 88 79 44 42 43 38 44 46 73 19 91 92 93 95 97 96 86 87 18 19 90 20 22 96 86 87 49 19 90 20 22
4 5 6 177 129 128 142 136 15 141 152 18 132 147 105 124 125 143 151 152 17 132 147 105 124 125 143 151 152 17 18 176 176 127 143 151 152 124 125 128 105 124 125 129 124 125 128 124 124 125 128 17 124 125 128 17 124 125 128 17 124 125 128 17 124 125 128 17 124 125 128 17 124 125 129 124 125 129 124 125
4 5 116 110 36 26 31 27 23 30 71 29 30 30 71 35 42 108 109 39 40 41 110 74 64 18 15 73 74 17 18 77 58 79 53 90 10 70 90 91 21 90 57 82 83 83 85 82 83 83 85 103 11 105 79 34 107 35 107 107 81 103 17 105 106 107 108 109 39 40 41 110 110 110 7 114 61 116
4 5 6 88 12 12 10 22 52 66 25 22 52 35 33 37 38 26 27 26 36 33 37 14 56 42 72 20 45 41 70 67 47 48 33 35 33 38 37 38 37 14 59 87 59 60 55 59 57 44 74 41 70 67 47 48 33 35 33 38 37 38 37 14 59 68 23 66 52 14 59 60 55 59 44 74 41 70 67 47
4 5 88 82 23 23 25 26 25 26 27 77 77 55 56 12 12 14 15 11 26 27 77 69 56 12 12 14 15 11 26 27 77 69 56 12 12 14 15 11 26 27 77 69 56 12 12 14 15 11 26 27 77 69 56 12 12 14 15 11 26 27 77 69 56 12 12 14 15 11 26 27 77 69 56 12 12 14 15 11
4 5 6 75 61 61 68 67 70 69 70 24 18 19 22 21 24 45 30 37 65 14 55 65 48 57 64 65 14 55 48 57 57 64 65 14 15 48 57 64 65 14 15 48 57 57 64 65 14 15 48 57 57 64 65 14 15 48 57 57 64 65 14 15 48 57 57 64 65 14 15 48 57 57 64 65 14 15 48 57
4 5 6 112 9 66 14 15 16 17 21 66 44 45 89 19 91 101 93 73 96 76 74 97 98 96 30 31 32 62 63 27 28 55 30 31 32 62 27 34 55 30 31 32 62 27 34 55 30 31 32 62 27 34 55 30 31 32 62 27 34 55 30 31 32 62 27 34 55 30 31 32 62 27 34 55 30 31 32 62
4 5 257 256 9 207 220 36 214 178 43 164 80 82 68 80 164 181 100 214 102 228 238 99 223 233 103 228 210 211 152 102 228 238 198 199 169 201 109 199 85 228 238 221 221 256 8
4 5 6 8 8 43 38 44 15 17 16 28 10 9 16 43 16 28 48 48 43 16 28 10 16 43 16 28 10 33 49 50 7 12 20 42 45 17 15 29 16 17 16 43 16 28 23 33 12 13 26 45 17 16 28 15 17 16 45 43 16 28 10 33 53 8 8 7 55 53 57
4 5 6 138 51 52 134 134 138 79 40 41 131 103 75 22 22 23 24 112 112 50 134 134 134 138 79 40 41 48 49 78 39 80 41 96 97 98 99 99 66 67 68 69 115 116 117 118 119 122 24 125 125 126 127 128 129 129 130 110 111 112 113 114 115 116 117 118 119 122 24 124 125 126 127 128 129 129 130 110
4 5 6 7 8 39 38 15 37 38 37 39 38 37 46 39 47 48 28 28 46 39 43 35 43 47 48 13 48 47 48 13 43 43 35 47 48 13 48 47 48 13 43 43 35 47 48 13 48 47 48 13 43 43 35 47 48 13 48 47 48 13 43 43 35 47 48 13 48 47 48 13 43 43 35 47 48 13 48 47
4 5 6 59 8 9 10 9 8 9 10 6 13 14 15 51 52 17 18 19 20 21 22 23 24 25 26 27 12 13 12 18 19 20 21 22 23 24 25 26 52 53 43 44 45 46 47 48 46 47 48 45 46 47 48 47 50 26 52 42 43 44 45 46 47 48 47 50 26 52 42 43 44 45 46 47 48 47 50 26
4 5 6 89 89 10 11 49 36 53 48 44 45 58 59 48 34 39 40 41 19 20 9 20 23 8 22 23 8 87 70 25 37 39 40 41 17 38 44 62 67 56 56 31 73 69 68 43 80 54 54 31 28 73 69 68 43 80 56 56 31 73 69 68 43 80 56 56 31 73 69 68 43 80 56 56 31 73 69 68
4 5 6 217 189 56 14 15 16 164 191 192 193 121 195 196 127 198 199 200 163 182 183 184 186 187 188 189 114 191 192 193 194 195 196 127 198 199 200 163 182 183 184 185 186 187 188 211 212 197 214 217 215 217 8 202 10 164 195 147 197 147 91 55 129 130 131 132 133 134 97 107 108 109 106 111 135 151 114 135
4 5 231 24 28 27 28 27 168 11 11 41 159 32 80 91 83 172 84 23 11 28 27 28 27 28 27 168 209 110 149 118 32 63 153 133 10 11 28 27 28 27 28 27 168 209 110 149 118 32 63 153 133 10 11 28 27 28 27 28 27 168 209 110 149 118 32 63 153 133 10 11 28 27 28 27 28 27 168 209
4 5 6 77 61 37 38 9 31 63 64 62 63 65 65 54 54 60 48 48 48 48 57 46 35 60 60 48 13 34 47 60 57 34 47 13 57 34 47 13 57 31 63 65 64 41 65 54 54 60 48 48 48 48 57 46 35 60 60 48 13 34 47 60 57 34 47 13 57 34 47 13 57 31 63 65 64 41 65 54
4 5 6 8 269 50 51 69 53 71 72 45 46 56 47 48 175 94 95 177 180 181 182 183 184 185 186 188 119 32 22 23 44 45 46 48 149 132 115 59 60 61 63 65 26 66 65 64 123 122 129 67 58 138 139 140 140 141 141 25 247 247 118 210 140 141 272 302 303 273 221 277 307 309 309 11 50 51 273 274
4 5 6 111 11 11 302 303 54 56 17 18 61 62 63 232 65 66 67 55 56 17 18 102 23 164 165 166 244 168 169 173 171 173 170 185 205 187 308 97 309 29 120 117 119 310 62 63 232 65 66 67 67 324 43 71 71 12 324 46 92 50 78 12 13 10 11 50 78 12 13 10 48 44 55 88 17 18 61 62
4 5 294 288 234 9 235 84 85 86 9 235 84 85 86 9 96 87 102 261 104 241 242 243 244 246 247 248 224 30 115 116 245 147 124 125 126 127 128 19 17 20 21 29 31 24 32 33 34 35 37 38 39 40 200 124 125 126 127 128 19 17 20 21 29 31 24 32 111 102 155 89 105 169 170 171 172 173 174 175
4 5 6 77 8 9 10 11 68 69 10 11 63 67 68 69 10 11 63 67 68 69 10 11 63 67 68 69 10 11 63 67 68 69 10 11 63 67 68 69 10 11 63 67 68 69 10 11 63 67 68 69 10 11 63 67 68 69 10 11 63 67 68 69 10 11 63 67 68 69 10 11 63 67 68 69 10 11 63 67
4 5 137 18 8 72 10 11 12 13 14 15 16 125 81 82 9 10 11 12 13 14 15 26 71 9 77 78 129 123 16 125 81 82 9 10 11 12 13 14 15 69 20 17 126 127 104 77 78 129 123 16 125 81 82 9 10 11 12 13 14 15 69 20 71 128 127 104 77 78 129 123 70 125 81 82 9 73 11 75
4 5 57 52 10 19 15 16 14 12 8 14 48 17 18 17 40 39 40 39 40 39 20 21 22 23 29 29 6 34 30 36 20 47 38 39 40 39 40 39 40 39 18 17 17 16 15 16 17 8 37 12 15 16 17 20 21 22 23 24 25 26 27 28 29 35 31 32 33 34 35 36 20 47 38 40 39 40 39 40
4 5 6 14 9 6 10 10 10 9 13 10 6 15 10 5 6 10 9 6 10 10 10 9 13 10 6 15 10 5 6 10 9 6 10 10 10 9 13 10 6
4 5 6 42 8 20 21 77 21 131 10 82 10 11 213 212 190 99 100 236 39 40 238 239 240 239 240 239 240 239 240 239 240 239 240 239 240 239 240 239 240 239 240 239 240 239 240 239 240 239 240 239 240 239 240 239 240 239 240 239 240 239 240 239 240 239 240 239 240 239 240 239 240 239 240 239 240 239 240 239
4 5 6 7 10 11 55 46 63 86 46 63 66 65 15 24 24 24 28 30 31 40 41 96 39 34 56 28 38 82 62 11 33 53 34 96 39 34 42 43 39 30 31 29 47 47 29 31 32 71 33 53 94 35 27 13 33 53 34 96 39 34 31 71 71 66 62 11 55 29 30 31 31 47 51 94 35 37 84 11
4 5 59 58 10 9 10 8 9 8 20 21 24 25 23 22 23 25 23 25 26 9 10 27 27 11 12 13 14 49 17 32 33 34 32 19 34 39 15 17 39 16 38 38 38 38 38 56 50 51 31 37 37 40 41 44 45 47 46 47 34 42 43 44 45 47 46 47 34 32 36 34 34 42 41 44 45 47 46 47
4 5 6 7 51 52 103 60 32 125 83 128 75 77 224 84 96 17 156 139 140 142 68 176 66 152 156 181 79 149 75 128 129 80 132 84 96 17 79 217 181 156 156 181 17 79 149 75 128 129 80 132 84 142 140 142 140 142 140 142 68 66 176 152 156 181 79 149 75 128 129 80 132 84 96 17 79 217 181 156
4 5 273 122 10 11 16 17 198 249 155 230 28 237 127 60 226 200 236 244 31 12 33 219 177 126 226 200 48 251 35 103 102 265 181 264 181 265 220 104 208 203 204 108 109 173 77 175 187 55 81 221 105 182 200 197 196 214 218 213 216 244 257 236 256 254 24 262 101 65 12 67 219 198 185 186 179 77 181 102
4 5 284 244 238 238 223 63 64 135 248 15 61 12 89 160 156 22 23 91 90 162 91 143 144 152 15 28 184 24 95 207 207 207 207 207 207 207 207 207 207 207 207 207 207 207 207 207 207 207 207 207 207 207 207 207 207 207 207 207 207 207 207 207 207 207 207 207 207 207 207 207 207 207 207 207 207 207 207 207
4 5 6 61 25 17 34 30 20 17 17 55 13 47 47 22 26 26 26 26 26 17 55 13 12 10 16 52 22 26 26 26 26 49 28 34 30 23 11 12 10 18 26 20 17 28 41 35 54 23 47 47 36 18 26 26 26 28 34 42 12 10 16 52 22 26 26 49 55 24 23 45 45 45 45 45 53 44 49 64
4 5 229 8 51 52 53 60 105 105 13 124 76 127 128 38 80 131 188 33 34 162 36 37 13 70 34 199 85 66 65 149 78 98 100 183 102 104 218 35 139 141 139 141 139 141 149 153 98 153 178 79 76 75 127 128 80 131 84 95 17 178 99 29 155 181 181 181 181 181 181 212 213 214 196 197 198 104 218 106
4 5 40 7 35 8 9 10 11 26 17 27 19 21 21 12 11 12 30 21 21 30 25 8 9 10 23 23 16 17 27 24 21 21 30 25 12 30 21 21 30 25 9 10 23 23 16 19 21 30 25 9 10 24 30 21 21 30 25 12 23 23 19 21 21 30 25 9 10 23 23 16 19 21 30 25 9 10 24 30
4 5 176 170 65 81 85 84 85 137 138 139 135 136 137 138 139 166 44 55 46 47 48 147 148 68 69 54 45 56 57 58 59 60 61 62 63 64 66 67 68 69 69 132 23 24 34 29 30 31 29 33 25 32 36 37 138 139 38 105 107 68 38 105 94 93 88 89 90 91 92 93 95 96 13 49 98 16 17 104
4 5 6 105 21 100 101 13 12 13 29 54 14 29 69 74 78 78 74 21 100 101 13 12 13 29 54 14 29 27 40 43 40 45 85 40 42 40 28 42 40 88 52 39 87 36 35 78 78 78 22 62 59 101 74 21 100 101 103 21 100 43 40 42 40 88 29 44 57 98 95 29 54 36 29 78 78 78 74 62
4 5 6 7 8 23 58 25 13 14 15 16 17 18 19 20 21 45 31 13 14 15 16 17 19 18 21 70 10 32 12 43 27 26 28 29 46 31 49 51 53 54 54 40 53 54 10 24 59 20 17 19 18 13 14 15 16 17 18 19 20 21 70 10 11 25 43 27 26 46 49 51 53 54 54 40 53 54 23 58
4 5 66 7 22 92 24 25 26 27 28 29 30 46 32 33 34 35 66 37 38 39 40 41 42 43 44 46 31 47 48 49 50 51 52 53 54 55 56 57 58 66 46 61 62 63 64 36 67 69 14 12 75 71 72 73 74 11 13 75 76 77 78 79 80 39 82 83 84 85 86 87 88 89 90 91 23 93 94 95
4 5 8 125 125 6 11 12 95 113 97 97 97 93 93 114 69 11 12 16 17 36 41 37 37 38 83 13 34 38 37 36 13 34 41 37 38 83 13 34 34 38 83 13 34 37 36 41 42 43 44 110 78 104 103 104 103 104 61 61 79 105 107 108 125 125 125 124 128 125 6
4 5 71 67 66 71 9 24 25 15 14 41 17 46 44 49 54 40 44 50 23 62 63 22 28 15 14 46 49 54 40 44 50 64 21 20 21 52 52 64 21 20 18 40 18 49 50 35 56 53 50 18 40 44 50 35 20 21 41 52 64 21 52 53 50 20 21 53 50 52 35 56 53 50 18 40 44 50 35 20
4 5 141 136 101 20 10 41 10 22 23 128 13 110 108 36 109 20 125 28 59 59 26 125 28 59 61 37 66 67 83 47 41 84 83 56 85 59 52 82 83 84 47 41 40 84 83 56 85 52 66 118 76 76 9 62 28 125 109 45 130 15 13 128 108 77 128 29 76 9 48 125 109 123 21 41 23 92 73 36
4 5 6 128 8 86 10 11 12 13 14 15 16 45 18 19 20 51 22 23 69 25 26 27 28 45 45 32 33 34 35 36 37 38 39 40 41 42 43 45 46 46 48 50 51 7 53 75 55 63 57 58 59 60 80 62 63 64 65 66 67 68 69 25 71 72 73 74 77 78 79 75 81 16 84 85 86 87 88 89
4 5 6 143 23 28 13 105 17 109 138 67 83 81 128 81 80 80 79 80 128 134 72 24 94 93 92 88 92 94 100 102 101 99 97 98 94 113 16 17 15 114 115 139 118 115 76 46 32 48 110 110 110 137 111 136 112 111 75 79 79 133 119 74 128 134 72 24 88 91 93 92 101 97 99 102 98 98 94 97
4 119 37 186 76 177 97 61 95 147 182 214 182 94 130 233 234 233 9 10 67 240 226 192 193 192 193 203 244 9 10 67 250 13 71 22 22 27 27 29
4 5 70 65 61 12 12 14 15 10 12 12 14 15 10 12 12 14 15 10 12 12 14 15 10 12 12 14 15 10 12 12 14 15 10 12 12 14 15 10 12 12 14 15 10 12 12 14 15 10 12 12 14 15 10 12 12 14 15 10 12 12 14 15 10 12 12 14 15 10 12 12 14 15 10 12 12 14 15 10
4 5 6 52 25 36 45 28 30 34 33 34 11 15 16 18 19 17 19 35 36 45 28 30 33 34 11 41 39 18 19 17 29 33 34 11 33 34 39 41 39 17 29 33 34 11 47 10 31 33 23 30 29 34 11 33 30 34 33 39 41 39 17 18 19 17 19 35 36 45 38 40 41 39 29 30 33 34 11 47
4 5 57 53 11 32 46 46 11 32 15 46 10 10 16 33 18 30 30 32 10 16 48 18 30 30 32 10 10 16 17 18 30 32 30 30 32 10 12 33 18 30 32 30 30 32 10 10 16 33 18 30 32 30 30 32 10 16 48 18 30 32 30 30 32 10 10 16 33 18 30 32 30 30 32 10 16 48 18 30
4 5 6 67 63 64 66 63 10 66 63 10 66 10 63 10 66 10 30 17 32 33 35 34 54 21 56 78 49 24 78 79 77 51 77 50 52 75 23 77 79 61 46 71 71 72 74 15 16 78 49 24 25 46 23 77 79 61 46 71 71 72 74 15 16 78 49 24 25 46 23 77 79 61 46 23 77 79 61 46
4 5 7 26 9 13 23 12 11 7 8 36 28 29 31 40 34 33 41 40 33 67 68 12 11 7 71 13 36 20 38 34 40 33 41 40 33 67 68 12 11 7 71 13 14 36 28 29 31 40 34 33 41 81 33 67 68 12 11 7 71 13 14 36 28 29 34 81 31 32 81 33 41 81 33 67 68 12 11 7
4 5 6 16 8 201 128 64 65 212 225 209 231 225 184 118 94 166 167 163 163 163 46 46 183 46 124 163 163 163 163 103 202 231 225 209 209 212 225 209 141 214 219 216 39 10 11 12 13 81 15 15 82 64 65 72 93 55 56 33 58 59 132 220 132 40 73 32 33 58 59 132 150 221 136 80 80 136 137 222
4 5 81 74 8 35 36 48 10 39 12 13 14 14 32 22 23 21 25 25 26 19 18 20 21 22 23 14 35 47 37 49 39 40 42 41 43 41 45 44 45 15 57 58 59 60 61 63 63 63 63 64 65 66 67 68 45 45 15 69 68 45 15 69 67 72 43 57 58 59 60 61 63 63 63 63 64 65 66 67
4 5 6 74 11 244 14 12 12 54 88 17 18 61 62 63 229 65 66 67 55 56 106 18 61 62 63 229 65 66 67 55 100 17 18 103 104 161 162 163 109 110 235 111 112 246 247 248 240 182 111 184 263 119 116 118 128 129 129 190 191 192 193 194 229 230 66 66 67 232 233 295 92 74 9 10 233 8 260 202
4 5 6 48 9 9 63 10 15 16 17 16 16 17 30 114 16 17 30 19 16 17 30 19 16 17 30 16 17 16 17 30 16 17 30 19 16 17 30 16 17 16 17 30 16 17 30 19 16 17 30 16 17 16 17 30 16 17 30 19 16 17 30 16 17 16 17 30 16 17 30 19 16 17 30 78 79 71 72 70
4 5 124 76 75 9 10 9 10 99 75 100 12 13 102 15 52 53 18 19 27 28 29 30 100 84 108 97 98 99 77 20 14 103 104 105 100 20 108 109 110 111 112 113 114 115 8 117 8 117 7 117 116 76 76 8 122 116 6
4 5 6 12 48 49 50 98 67 68 16 17 55 53 15 57 52 52 95 96 97 51 68 30 64 64 89 141 50 143 68 119 92 138 128 149 111 111 79 107 110 108 106 108 108 108 80 141 97 143 68 130 37 130 130 37 130 45 155 156 157 158 159 12 12 12 7 164 47 6
4 5 203 52 52 53 54 119 73 57 58 59 60 61 103 64 65 66 109 108 71 119 73 74 75 76 77 78 79 80 81 82 83 85 101 102 103 104 105 107 108 66 109 116 117 118 119 120 153 154 23 167 168 169 170 171 172 173 174 19 176 173 188 189 190 191 192 193 194 195 52 53 54 72 56 57 58 59 60 61
4 5 178 106 12 17 14 45 80 84 84 131 85 80 140 83 140 145 76 61 151 148 149 151 146 87 88 87 88 153 22 25 41 70 40 69 26 120 77 41 70 123 69 26 86 86 146 148 151 146 149 87 88 87 88 87 88 124 37 38 68 70 66 58 167 169 170 171 168 165 58 167 103 168 168 58 91 92 168 165
4 5 6 121 7 9 65 65 47 27 109 110 109 54 24 28 98 108 100 101 64 19 79 21 22 71 113 28 12 32 33 34 110 109 71 24 80 115 80 115 40 39 37 56 64 60 73 60 60 40 57 38 58 41 60 30 29 115 80 115 117 92 78 95 113 12 61 15 14 15 78 42 77 107 27 51 102 108 105 106
4 5 61 7 8 8 18 10 24 22 21 22 15 17 52 51 13 51 52 51 13 51 37 39 38 39 27 43 44 32 46 37 36 41 34 41 46 47 11 37 39 38 27 15 35 31 32 46 26 53 52 19 19 51 13 51 52 19 53 53 19 19 53 53 19 19 53 53 19 19 53 51 13 31 45 36 37 39 38 27
4 5 222 7 11 147 150 108 103 102 93 94 150 147 21 13 197 93 199 200 186 95 94 37 35 200 96 88 42 168 197 36 200 186 95 94 37 35 200 96 88 42 168 197 199 200 186 95 94 37 35 200 96 88 42 66 197 36 200 186 95 94 37 35 200 96 88 42 66 197 36 200 186 95 94 37 35 200 87 88
4 5 6 9 8 9 10 211 12 13 17 35 147 20 76 89 90 140 156 157 164 165 161 165 189 87 169 132 170 45 46 47 48 50 57 58 59 37 61 168 63 64 65 66 67 68 69 70 71 59 112 35 76 89 90 111 199 92 82 81 33 92 199 28 29 63 71 71 59 37 61 168 63 64 65 66 67 68 69 70
4 5 159 155 8 9 109 11 12 13 14 15 48 17 90 19 20 21 22 23 24 25 26 27 28 69 30 31 86 33 41 35 36 37 38 11 40 41 42 52 44 45 46 47 37 38 49 50 51 52 53 54 55 56 57 58 59 60 60 61 62 63 65 145 67 68 69 70 71 72 73 74 16 76 77 78 64 80 81 82
4 5 116 112 52 52 60 59 60 54 87 20 21 13 14 10 106 107 108 109 20 21 82 100 58 94 95 113 63 64 94 72 77 78 70 64 65 72 79 89 21 13 14 23 37 80 38 67 74 43 43 43 46 46 47 46 45 17 56 57 58 103 21 13 14 23 82 83 74 43 43 43 44 46 47 46 45 33 40 35
4 5 6 20 8 10 11 11 14 16 17 18 19 33 62 87 27 93 67 33 64 65 66 87 27 19 39 55 33 67 93 67 33 118 119 120 119 120 121 118 119 120 121 118 119 120 121 118 119 120 121 118 119 120 121 118 119 120 121 118 119 120 121 118 119 120 121 118 119 120 121 118 119 120 121 118 119 120 121 118
4 5 6 122 81 82 84 85 97 88 89 98 88 89 53 93 93 93 93 93 53 88 89 98 88 89 53 88 89 84 85 86 88 60 89 98 88 89 53 88 89 84 85 86 84 115 82 69 105 63 20 82 84 115 52 97 115 52 84 115 82 69 105 63 17 82 83 97 88 89 98 88 89 53 88 89 98 88 89 53
4 5 6 187 53 9 38 37 132 31 32 173 28 30 179 180 181 84 182 78 79 181 84 85 86 87 34 89 90 91 92 25 96 97 98 152 100 101 34 140 91 92 38 39 38 39 38 41 42 42 44 45 9 6 48 49 50 13 14 67 16 17 16 72 72 84 30 178 76 77 78 79 181 84 85 86 87 88 89 90
4 5 6 112 10 10 29 105 67 72 16 16 16 65 14 98 41 37 86 87 88 65 14 98 64 62 60 61 62 43 73 73 64 91 91 73 43 73 39 100 98 35 28 9 104 65 14 98 35 28 9 104 65 14 98 35 28 9 104 65 14 98 35 28 9 104 65 14 98 35 28 9 104 65 14 98 35 28 9 104
4 5 73 7 14 14 60 10 23 54 10 53 54 51 61 23 24 10 51 53 54 10 53 54 51 51 50 26 35 57 29 39 33 34 56 36 29 59 41 34 56 28 29 59 41 49 30 30 39 33 40 32 63 17 19 50 51 59 41 56 36 58 51 20 16 16 19 42 64 10 53 24 51 20 61 23 54 10 53 54
4 5 6 55 12 8 9 10 11 25 19 20 14 16 13 16 14 17 25 19 20 21 23 26 23 26 23 26 23 26 23 24 27 35 36 37 44 39 50 43 38 45 47 48 47 48 15 16 17 25 19 20 21 23 26 23 26 23 26 23 26 23 24 27 35 36 7 9 38 39 50 43 44 45 47 48 15 16 17 25
4 5 11 52 8 8 29 14 38 38 22 23 13 14 28 19 20 40 18 19 40 40 34 35 26 46 39 42 42 42 27 33 40 20 18 19 46 46 39 42 42 42 40 20 33 40 40 18 19 46 46 39 42 42 42 27 33 40 20 28 19 30 46 46 33 42 42 27 39 38 33 40 18 19 20 33 42 42 40 27
4 5 35 7 8 33 25 34 24 18 19 20 61 22 23 29 31 33 28 29 30 33 28 29 30 33 28 29 30 33 28 29 30 33 28 29 30 33 28 29 30 33 28 29 31 33 28 29 30 33 28 29 30 33 28 29 30 33 28 29 30 33 28 29 31 33 28 29 31 33 28 29 30 33 28 29 30 33 28 29
4 5 6 7 8 9 10 183 12 13 18 28 20 15 82 74 82 36 79 14 15 35 14 28 155 23 24 25 102 26 127 128 158 101 100 22 115 155 110 22 155 24 25 102 26 128 158 101 100 22 115 155 124 44 42 51 52 52 153 124 125 100 101 151 140 140 115 155 110 55 47 124 125 122 153 124 44 109 34 15
4 5 6 47 25 31 29 30 30 16 23 19 14 13 14 12 16 17 17 20 38 21 22 20 38 8 9 10 11 20 21 38 40 38 22 18 19 25 31 25 31 39 31 39 40 21 38 20 22 39 40 38 21 20 18 19 39 31 25 39 31 25 27 30 42 41 16 12 14 13 22 22 27 30 22 39 40 21 38 36
4 5 367 90 11 330 259 12 54 308 17 18 61 62 63 230 65 66 67 55 88 17 18 61 62 63 230 65 66 67 55 224 17 18 61 62 63 230 65 66 67 55 224 17 18 61 62 63 230 65 66 67 55 308 17 18 61 62 63 230 65 66 67 55 308 17 18 61 62 63 230 65 66 67 55 224 106 18 61 62
4 5 126 123 11 11 14 106 42 106 30 42 26 69 16 17 17 21 22 100 100 119 102 103 23 22 100 100 102 103 103 129 93 22 100 100 128 119 102 129 23 22 100 30 102 103 16 26 25 111 12 113 119 38 12 40 62 63 88 48 32 40 63 62 65 138 90 130 35 107 108 77 59 20 97 32 33 109 77 111
4 5 113 51 8 84 10 11 12 13 14 15 16 17 18 19 20 21 91 23 68 69 26 27 28 45 17 32 33 34 35 36 37 38 39 40 41 42 43 45 46 47 48 49 21 7 52 79 54 55 56 57 58 59 62 63 64 65 66 67 68 83 99 100 100 101 102 103 104 105 106 102 102 102 51 111 102 113
4 5 59 25 8 10 12 13 13 14 15 15 21 22 18 41 45 12 36 34 35 34 48 31 32 33 19 47 36 40 18 41 49 30 51 15 15 15 13 34 35 34 36 35 34 48 31 32 33 19 47 36 40 18 41 49 50 51 15 15 15 13 34 35 36 34 35 48 22 18 41 40 18 41 40 18 41 51 35 34
4 5 6 53 24 58 9 7 47 44 45 44 45 35 34 32 24 9 30 31 35 44 45 44 45 44 45 35 34 30 24 9 27 9 50 10 51
4 5 6 64 8 49 50 33 12 13 14 15 59 17 18 23 28 12 13 14 15 16 17 18 23 14 26 25 61 62 63 29 64 49 21 33 46 35 36 37 38 39 18 16 17 18 23 14 26 25 26 27 28 29 64 49 40 33 46 35 34 36 37 45 39 18 16 17 18 23 48 48 48 48 57 59 60 61 62 63
4 5 112 7 8 83 10 11 12 13 14 15 80 17 18 19 20 21 22 23 67 68 91 27 28 17 17 31 32 33 34 35 36 37 38 39 40 41 42 17 45 46 47 48 21 50 51 73 53 54 55 56 57 58 61 62 63 64 65 66 24 82 98 99 99 100 101 102 103 104 105 101 101 101 7 110 108 6
4 5 121 8 91 59 52 44 37 113 59 52 44 20 23 24 25 110 22 19 20 26 28 26 28 26 48 46 64 75 79 80 81 46 64 75 79 80 81 68 67 56 33 34 35 36 38 79 80 81 68 67 56 57 58 23 24 25 79 80 81 46 47 48 80 81 68 67 56 57 58 23 24 25 79 80 81 46 47 48
4 5 41 8 23 25 40 29 30 27 28 26 27 28 42 29 30 27 28 42 40 39 33 21 22 23 25 40 39 26 27 28 27 28 42 40 39 39 42 7 43
4 5 6 167 84 84 48 25 84 37 25 84 119 21 48 26 78 127 25 78 44 81 46 79 18 141 20 18 17 14 14 148 149 154 149 148 14 14 148 64 61 148 14 64 106 71 152 14 14 148 14 148 64 61 148 14 14 148 64 91 148 14 14 64 61 148 14 64 61 148 14 64 61 148 14 64 61 148 14 64
4 5 6 64 60 60 11 12 51 21 47 45 51 21 47 19 18 28 28 28 28 28 28 63 10 10 7 67 10 69 6 60 11 44 47 45 51 21 47 19 18 28 28 28 28 28 28 63 10 10 7 67 10 6
4 5 6 77 42 74 50 68 67 19 69 70 71 16 74 70 71 16 25 20 27 22 44 23 24 55 57 53 54 53 58 40 34 60 59 59 60 11 12 60 59 37 61 37 35 59 59 37 61 61 61 37 35 9 31 9 31 36 37 41 42 43 51 57 55 23 24 57 53 54 36 37 35 30 31 36 37 41 42 43
4 5 121 77 8 8 35 11 9 37 68 56 57 56 64 65 25 103 104 80 12 18 13 18 19 17 18 13 19 17 18 19 13 17 18 19 19 17 18 19 19 17 18 19 19 17 18 19 19 17 18 19 19 17 18 19 19 17 18 19 19 17 18 19 19 17 18 19 19 17 18 19 19 17 18 19 19 17 18 19
4 5 6 44 44 6 39 40 41 24 24 41 40 41 22 9 23 20 25 10 10 11 8 12 24 18 10 10 11 11 11 18 10 10 11 21 18 10 10 11 11 21 18 10 10 11 11 21 18 10 10 11 11 21 18 10 10 11 11 21 18 10 10 11 11 21 18 10 10 11 11 21 18 10 10 11 11 21 18 10
4 5 19 7 92 21 99 132 18 140 89 110 109 49 50 51 53 71 98 93 107 100 55 43 106 131 108 37 52 67 50 51 49 53 106 131 100 114 63 67 50 109 49 26 53 39 33 94 77 121 99 123 136 140 89 18 87 85 86 90 39 78 94 129 130 107 132 140 89 42 78 93 94 89 21 93 98 99 100 37
4 5 113 107 8 9 10 11 12 13 14 15 81 30 18 19 96 50 22 23 68 69 92 27 28 30 30 32 33 34 35 36 37 38 39 40 41 42 43 17 46 47 48 49 21 51 52 60 54 55 56 57 58 59 62 63 64 65 66 67 24 83 99 100 100 101 108 103 104 105 106 108 108 108 107 111 51 6
4 5 31 8 8 9 10 11 21 9 13 14 24 15 16 15 16 15 16 15 16 15 16 15 16 15 16 15 16 15 16 15 16 15 16 15 16 15 16 15 16 15 16 15 16 15 16 15 16 15 16 15 16 15 16 15 16 15 16 15 16 15 16 15 16 15 16 15 16 15 16 15 16 15 16 15 16 15 16 15
4 5 123 7 35 51 41 23 95 96 98 32 101 44 31 31 39 51 52 42 91 43 107 107 90 108 64 99 109 67 66 65 109 67 66 35 11 8 11 12 39 51 41 42 91 43 107 107 43 44 99 109 67 66 65 109 67 66 35 11 8 11 12 11 8 11 7 39 51 52 42 91 43 107 107 43 44 99 109 67
4 5 125 10 8 25 14 44 28 29 30 17 18 114 20 21 22 23 24 25 14 96 28 29 30 31 38 37 38 37 38 37 38 37 42 47 44 28 29 39 50 51 52 53 54 55 56 55 69 67 69 70 71 73 72 23 24 25 26 27 28 30 31 38 37 38 37 38 37 38 37 42 43 44 28 29 39 50 51 52
4 5 6 22 8 177 96 97 180 99 100 101 102 103 102 103 106 105 10 17 14 25 36 108 40 114 44 44 114 150 151 109 109 10 19 14 25 108 38 37 136 46 170 113 67 38 37 111 136 112 139 103 141 57 60 144 143 118 68 116 63 118 119 66 120 69 69 27 71 72 73 156 157 158 77 78 164 80 81 160
4 5 6 7 9 10 18 11 31 32 32 26 13 26 14 24 16 17 18 19 21 21 21 27 22 38 15 26 37 38 26 26 15 37 38 33 33 34 17 18 19 21 21 21 27 22 38 15 26 37 38 26 26 15 37 38 33 33 34 17 18 19 21 21 21 27 22 38 15 26 37 38 26 26 15 37 38 33 33 34
4 5 203 199 8 9 10 11 12 159 13 15 16 17 18 19 20 21 22 27 25 26 27 28 16 17 18 19 20 21 22 24 25 26 27 28 16 17 18 19 20 21 22 24 25 26 24 28 16 17 18 19 20 21 22 24 25 26 27 28 16 17 18 19 20 21 22 27 25 26 27 28 16 17 18 19 20 21 22 27
4 5 61 7 9 12 16 16 39 40 12 15 16 16 38 10 40 18 12 15 16 52 46 47 48 50 51 52 53 54 19 43 43 43 54 55 33 10 11 36 37 38 34 40 36 37 38 20 40 41 46 47 48 17 51 52 53 54 54 19 19 19 7 59 55 6
4 5 78 7 10 70 16 23 17 17 21 17 40 23 23 17 17 21 22 31 32 37 38 38 34 35 32 37 20 34 50 49 51 50 46 44 22 35 32 13 38 38 38 20 34 21 22 43 32 33 38 38 20 34 49 50 18 42 18 49 51 50 46 44 44 53 54 22 35 32 37 38 38 38 20 34 21 22 43 32
4 5 6 99 64 65 66 10 45 73 85 65 9 10 45 46 17 18 17 18 21 82 59 13 49 48 16 68 16 68 48 80 80 56 69 69 73 56 58 50 17 18 17 21 11 80 49 48 16 68 22 69 73 56 69 35 30 86 27 78 70 57 78 70 41 47 40 30 35 30 89 91 82 55 24 25 66 27 53 88
4 5 6 85 65 17 76 14 40 11 35 76 14 40 13 41 42 62 44 22 71 59 42 31 44 19 21 22 81 55 45 24 47 84 71 22 81 30 30 55 45 47 73 71 59 60 79 54 53 15 24 47 47 84 71 69 73 60 59 72 72 72 22 39 39 42 31 63 65 70 79 53 77 24 47 47 47 45 24 47
4 25 70 82 8 27 9 9 8 81 73 74 75 76 77 73 36 29 47 56 30 55 42 43 45 46 47 56 57 58 50 51 51 53 53 53 53 57 58 50 51 57 58 59 60 61 47 56 57 58 59 49 50 51 51 53 53 53 53 57 58 50 51 57 58 59 60 61 47 56 57 58 59 49 49 51 51 53 53 53
