4 5 145 141 32 122 27 36 37 113 95 115 116 109 116 117 118 121 34 20 63 115 116 117 118 28 121 63 115 116 117 118 121 34 20 63 115 116 117 55 122 36 22 124 109 122 62 119 120 12 51 65 53 117 55 57 56 58 22 64 65 53 117 41 54 55 22 36 37 113 124 102 101 32 98 131 100 117 41 57
4 5 143 137 11 12 123 125 65 99 125 65 62 114 59 60 62 114 112 62 125 65 52 125 65 99 52 30 87 88 46 70 31 27 28 38 39 65 99 52 30 87 102 46 15 94 93 101 102 46 70 31 115 114 119 120 110 106 92 93 95 96 106 110 94 50 93 49 95 96 106 110 106 108 115 56 99 71 74 41
4 5 34 28 8 34 24 7 34 11 12 9 13 9 16 9 19 9 19 29 34 30 11 12 11 10 13 9 16 9 19 9 19 30 30 30 30 29 32 8 34
4 117 118 119 120 119 5 6 95 27 18 10 12 13 14 15 44 17 94 116 20 21 22 23 24 25 26 27 23 29 30 31 45 80 34 35 36 37 38 39 40 41 42 31 11 9 44 39 37 38 39 31 45 33 34 35 36 37 38 39 40 41 42 43 32 9 44 39 37 38 39 31 45 80 34 35 36 37 38 39
4 5 58 57 8 9 8 14 15 16 17 18 33 20 21 22 49 23 24 26 27 47 46 28 54 9 8 28 8 28 8 32 51 50 51 32 8 29 12 14 15 16 17 18 11 37 21 22 49 23 24 26 27 47 46 42 41 44 42 43 44 21 46 47 46 28 42 41 44 8 9 19 37 35 27 25 38 39 40 43
4 5 6 7 67 10 80 81 13 14 21 22 18 68 27 41 42 50 104 24 33 52 52 52 41 42 27 41 42 50 104 24 33 96 32 17 88 41 42 104 50 68 69 34 24 33 17 37 27 41 42 50 104 24 33 52 52 52 103 104 50 68 23 24 33 17 34 97 100 24 33 52 52 52 103 104 50 50 68 23
4 5 6 28 19 10 12 16 18 15 16 18 20 7 21 23 24 25 25 25 7 29 28 31 23 24 25 25 25 8 29 28 31 6
4 5 241 7 232 233 161 234 232 14 15 175 227 11 13 14 15 234 232 24 192 141 194 143 124 125 126 23 157 150 52 155 53 54 221 56 57 206 115 53 54 221 51 52 24 192 213 108 136 52 95 234 16 18 211 100 143 187 125 126 127 112 186 110 135 87 50 36 52 152 176 117 51 167 140 22 108 50 217 178
4 5 39 80 9 11 7 23 24 35 24 35 73 74 75 28 24 27 28 29 30 30 35 34 35 36 37 84 40 41 42 43 44 45 46 47 48 47 50 51 52 53 54 55 56 57 58 59 65 61 62 63 64 43 66 67 68 69 70 71 72 73 74 75 76 77 7 80 83 7 82 80 6
4 5 52 20 8 8 10 13 15 16 17 18 21 40 27 24 43 44 34 16 11 12 13 14 15 16 17 18 21 40 27 24 10 13 15 16 17 18 46 22 27 24 31 28 29 30 40 41 44 34 43 44 34 16 11 12 10 13 15 16 17 18 21 26 27 24 10 13 15 16 17 18 46 22 27 24 31 28 29 30
4 5 71 67 65 6 59 55 16 44 21 22 23 22 23 17 39 16 44 42 27 42 61 25 26 61 14 52 30 49 17 39 43 44 21 22 23 34 35 62 27 28 25 61 26 30 14 52 30 49 17 39 43 32 44 9 35 27 28 25 26 61 14 63 52 30 49 43 17 39 9 35 44 21 22 23 30 15 27 28
4 5 6 6 7 48 10 11 12 13 14 15 16 17 18 19 20 22 23 24 25 26 27 28 29 30 31 26 33 41 92 43 62 38 14 15 16 18 19 20 26 41 92 43 93 94 42 32 90 34 19 20 26 107 31 26 33 10 32 39 40 41 20 26 107 10 32 39 40 41 20 26 107 10 32 39 40 41 20 26
4 5 53 49 29 6 30 37 11 12 27 14 34 39 30 17 38 19 20 21 22 23 24 25 26 13 28 29 9 37 11 12 33 34 35 36 37 18 39 40 41 42 43 44 45 46 46 8 8 7 51 49 53
4 5 114 110 8 9 10 11 12 13 14 15 16 44 18 19 96 21 91 23 67 68 92 27 28 43 29 44 31 32 33 34 35 36 37 38 39 40 41 42 44 45 46 47 48 49 110 51 78 79 53 54 55 56 57 58 61 62 63 64 65 66 67 68 69 70 71 72 59 74 75 76 77 78 52 80 81 82 83 84
4 5 6 7 29 136 137 47 34 35 36 78 38 43 105 100 107 108 109 107 109 106 131 111 112 113 114 115 116 117 118 117 119 121 122 123 124 125 126 127 27 129 130 131 132 133 134 135 46 138 139 140 140 144 51 52 53 72 80 69 72 73 74 37 75 74 76 77 78 79 80 81 82 83 84 85 86 87 88 89
4 5 113 108 8 9 10 11 12 13 14 15 81 17 18 19 96 50 22 23 24 69 92 27 28 17 17 32 33 34 35 36 37 38 39 40 41 42 43 31 46 47 48 49 50 107 52 74 54 55 56 57 58 59 79 61 62 63 64 65 66 67 24 69 70 71 72 73 74 75 76 77 78 60 80 81 82 83 84 85
4 5 16 15 9 7 16 7 9 12 16 15 9 15 16 15 9 15 16 15 15 9 15 14 15 16 16 15 5 16 15 9 8 16 15 9
4 5 6 7 7 53 194 195 196 159 56 57 58 59 60 61 62 99 64 65 66 67 25 69 35 71 159 160 74 75 76 77 78 79 80 81 82 83 84 85 86 87 93 89 90 91 92 88 89 90 96 97 98 96 195 54 159 56 57 58 59 60 61 62 99 64 65 66 67 25 69 35 71 159 56 74 75 76 77 78
4 5 47 7 22 42 43 44 29 29 63 48 46 58 57 58 60 43 42 39 40 38 30 31 60 46 48 46 58 57 58 60 58 57 58 60 46 44 29 66 63 48 38 33 55 56 57 58 60 7 26 12 42 39 40 41 38 31 30 11 13 45 51 49 36 62 44 29 29 63 48 38 33 68 42 43 44 29 7 23
4 5 370 139 10 280 53 77 158 55 18 16 17 18 167 20 320 123 124 125 126 127 125 107 218 302 245 328 329 330 280 281 282 283 284 285 286 287 288 289 206 150 143 128 29 30 31 32 212 11 193 303 202 337 201 42 19 22 297 298 299 300 301 302 304 305 306 307 308 309 310 311 314 314 315 316 317 100 275 276
4 5 6 96 91 6 59 16 15 36 42 43 44 45 46 47 48 49 50 51 75 23 36 38 34 35 36 37 38 36 59 65 66 19 29 30 31 32 55 56 57 55 56 57 55 56 57 55 56 57 45 40 65 70 81 35 75 74 42 43 44 45 46 47 48 49 50 51 50 23 51 36 37 56 57 55 56 57 55 56
4 5 207 7 204 9 12 12 76 173 181 130 163 64 155 156 177 138 193 194 195 196 42 198 177 25 130 178 128 178 179 180 176 128 164 165 130 12 134 172 16 27 18 19 21 181 148 149 15 70 69 28 27 26 76 26 27 32 33 34 31 32 29 30 31 32 33 34 96 98 145 40 41 43 44 25 46 47 23 24
4 5 152 12 8 13 8 153 114 111 160 111 114 89 38 31 111 114 160 101 38 102 89 110 102 101 111 114 160 159 160 19 21 48 123 98 68 111 114 159 160 14 15 26 17 27 20 19 24 25 16 18 31 32 164 20 19 122 46 48 47 44 46 50 72 72 71 23 127 50 72 72 73 147 150 145 65 66 67 31
4 5 92 91 21 42 9 18 43 45 82 83 84 85 40 43 45 42 39 40 45 43 18 19 58 61 36 33 9 55 82 83 84 85 40 45 43 18 19 58 61 36 37 9 55 82 83 84 40 29 41 49 58 61 25 52 63 71 60 56 60 56 71 45 43 44 81 83 82 84 85 40 45 43 44 81 82 83 84 85
4 5 6 7 21 22 23 24 27 15 16 17 10 16 8 23 10 16 15 16 9 8 15 16 18 17 20 20 17 18 17 20 20 15 11 23 24 9 8 23 24 27 27 27 7 29 13 31
4 5 176 172 10 107 12 103 121 64 79 80 84 85 65 90 167 63 120 61 132 61 131 150 63 120 151 141 121 22 96 97 19 145 146 96 48 91 55 54 159 71 84 81 104 164 22 35 98 160 129 89 158 90 89 167 65 160 166 169 136 152 106 107 108 61 151 123 124 81 104 164 22 35 98 138 129 117 16 169
4 5 6 7 45 77 98 85 45 77 67 10 80 81 85 86 87 88 89 90 91 92 93 94 95 96 97 78 20 21 81 126 83 84 85 86 87 88 89 90 91 92 93 94 95 96 22 27 99 100 101 102 103 104 105 106 107 108 109 110 111 112 113 114 115 116 117 118 119 53 53 120 120 124 53 82
4 5 158 7 32 66 67 68 46 65 66 67 35 47 111 137 122 17 18 44 99 45 28 89 88 89 144 107 136 10 80 56 104 136 79 78 139 138 137 139 141 111 115 114 113 114 113 88 49 47 44 42 43 17 77 99 28 144 64 107 136 10 76 100 82 86 80 79 78 79 144 67 35 139 138 137 139 137 122 61
4 5 74 70 36 37 38 39 53 57 40 11 54 13 13 31 32 13 50 49 43 49 12 43 49 43 12 13 29 32 30 32 13 9 49 12 43 49 43 11 49 12 43 49 43 12 49 43 49 12 43 49 43 12 49 43 49 12 43 49 43 12 49 43 49 12 43 49 43 12 49 43 49 12 43 49 43 12 49 43
4 5 6 7 114 204 204 186 22 23 89 122 128 16 21 16 17 41 42 38 22 23 24 45 26 44 47 160 161 162 52 164 165 166 72 168 7 170 243 47 38 129 25 26 44 85 87 25 26 184 114 6 217 218 204 248 252 21 122 128 16 21 124 23 122 104 125 24 45 26 44 47 160 161 162 52 164 165 166 90
4 5 151 7 47 42 51 64 25 116 140 138 33 70 38 26 24 131 44 42 43 62 104 79 77 74 78 76 27 24 131 47 44 42 43 62 25 61 138 140 117 42 43 74 78 27 24 131 47 44 42 17 62 25 61 138 28 38 27 132 132 117 138 47 45 10 45 13 14 15 112 16 44 61 43 142 72 33 28 38
4 5 26 50 17 49 17 20 19 90 22 23 24 25 26 27 28 29 30 63 64 66 40 54 55 13 38 94 34 41 42 43 89 45 46 46 13 44 43 60 62 46 95 97 96 86 87 48 90 19 86 87 88 45 96 95 97 98 99 100 101 10 10 63 50 106 63 6
4 5 6 7 143 151 58 18 20 17 111 112 108 109 32 30 39 113 115 123 126 127 128 126 129 151 152 19 150 132 74 137 17 111 112 108 109 32 30 164 113 115 123 126 127 128 126 128 151 152 124 171 18 74 137 17 111 112 108 109 32 30 164 113 115 123 126 127 128 126 128 151 152 124 171 132 74 137 17 111
4 5 116 61 36 26 9 36 110 33 30 71 32 35 108 109 30 49 48 49 66 108 109 106 34 49 9 96 74 75 65 15 16 15 10 70 90 49 77 78 79 71 35 94 17 98 49 16 19 20 57 58 79 34 49 16 48 49 66 35 106 34 107 108 109 49 71 35 42 100 30 71 33 34 79 77 74 17 65 73
4 5 94 83 12 12 22 52 35 33 35 33 37 38 27 26 38 16 59 16 52 8 84 43 44 32 66 23 30 20 32 26 27 37 38 37 42 87 59 42 60 52 14 59 42 60 52 14 59 42 27 26 38 37 38 16 71 26 38 37 87 59 56 60 52 14 59 42 16 44 21 41 70 67 81 67 16 71 15 60
4 5 88 7 49 23 8 9 22 49 13 12 11 26 34 35 45 41 28 55 70 12 11 14 15 27 77 69 49 44 38 12 13 14 15 11 78 77 69 70 69 54 53 76 19 49 13 12 11 38 35 41 26 27 77 69 56 12 11 14 15 27 77 69 49 44 38 12 13 14 15 11 78 77 69 70 69 54 53 76
4 5 78 8 61 61 68 67 13 70 22 57 65 64 21 58 51 60 13 64 65 64 14 15 65 18 19 20 21 22 24 45 65 64 14 15 48 65 18 19 20 21 22 24 21 68 67 37 65 14 15 13 64 48 57 65 64 14 15 65 64 18 21 22 24 21 37 13 67 68 70 69 37 37 38 51 40 20 41 19
4 5 6 65 9 66 9 10 59 58 15 16 17 21 66 11 68 89 19 91 71 93 73 75 76 74 96 76 73 31 32 62 46 86 13 43 58 17 21 31 32 62 45 89 19 91 71 93 73 75 97 74 96 97 73 31 32 62 46 20 13 43 58 17 21 31 32 62 63 27 58 59 60 61 62 63 64 55 58 59
4 5 257 15 9 9 59 13 239 58 132 175 176 12 102 80 64 67 35 50 70 72 75 74 75 76 40 77 43 80 81 80 85 87 88 83 43 174 55 180 246 247 212 214 102 155 189 190 191 192 193 194 195 196 197 198 199 200 201 202 203 204 205 207 220 209 210 211 212 213 214 215 216 217 218 219 172 221 8 16
4 5 6 53 11 57 9 9 29 6 11 57 9 9 57 49 50 11 9 34 20 42 45 17 15 23 44 48 39 12 20 36 16 44 10 37 17 16 38 33 12 13 26 17 16 27 37 18 33 49 50 53 8 7 11 55 53 57
4 5 6 8 38 9 39 80 41 31 114 123 30 31 32 34 35 36 50 9 39 80 41 42 43 83 46 47 69 115 57 58 59 60 61 62 64 65 66 67 68 69 70 71 72 73 74 75 119 119 83 84 85 86 87 88 89 90 91 92 93 94 95 96 97 98 99 100 101 102 103 20 21 22 23 24 123 30 31 32
4 5 55 49 8 39 38 15 15 37 38 39 38 37 41 43 47 48 39 38 37 8 39 38 15 39 38 19 41 43 47 48 28 46 39 38 39 38 36 37 16 17 18 19 41 35 43 47 48 13 48 30 17 13 48 43 47 48 50 50 23 24 25 14 11 25 33 14 15 38 37 38 36 37 38 39 38 36 37 38
4 5 64 59 8 8 9 10 19 20 21 22 23 24 25 26 27 28 29 30 31 32 30 15 56 55 56 37 29 30 31 32 30 55 58 25 26 27 24 25 26 27 28 29 30 31 32 30 43 44 45 46 47 48 49 50 25 26 52 53 54 55 56 57 58 58 58 7 62 58 11
4 5 6 85 15 16 11 12 13 14 15 16 16 77 14 13 76 14 15 16 13 36 53 48 13 14 15 16 9 20 14 15 16 9 19 20 7 22 23 9 11 12 13 14 15 16 87 20 8 24 33 37 39 40 41 17 38 44 45 36 59 37 39 40 41 17 38 47 45 36 49 59 37 77 76 78 24 51 38 34
4 5 224 216 189 56 57 58 16 189 145 146 147 148 149 150 151 152 153 154 15 156 157 158 159 160 161 162 201 164 165 166 167 168 169 170 171 172 173 174 175 176 177 178 179 180 181 182 183 184 185 186 187 188 189 114 191 192 193 121 195 196 123 94 211 212 197 214 215 7 14 9 10 13 210 42 14 9 16 88
4 5 6 227 227 6 28 227 6 27 28 6 27 135 6 27 135 6 11 231 133 139 120 9 141 92 95 42 97 98 109 149 117 13 21 121 18 25 11 28 27 135 209 159 63 153 104 212 104 21 149 10 11 28 88 164 227 172 20 30 31 47 17 54 148 30 45 53 144 140 181 22 72 12 153 60 161 159 72 19
4 5 78 72 61 33 63 31 65 67 70 70 61 78 9 41 64 63 65 31 65 54 54 41 75 17 27 28 36 37 37 17 27 28 53 62 63 65 54 54 41 16 16 16 7 76 73 6
4 5 6 311 269 15 72 224 143 20 185 22 23 16 25 26 27 28 29 30 31 32 35 36 37 38 39 41 42 23 44 45 132 47 48 311 50 51 152 274 54 55 56 57 130 59 60 61 62 63 65 66 64 123 122 125 126 127 128 129 58 131 132 133 134 135 136 137 138 139 140 141 142 143 144 145 146 25 148 149
4 5 6 7 11 12 13 248 48 48 44 45 46 89 50 297 52 50 303 48 54 99 109 109 16 105 58 29 30 31 162 164 23 170 165 166 167 168 169 170 171 173 174 175 176 177 178 179 180 181 18 183 184 185 205 187 188 189 190 191 192 193 194 195 196 197 198 199 200 201 202 203 204 205 286 207 208 209 210 211
4 5 294 293 234 9 10 231 12 13 14 15 16 17 18 19 20 21 29 23 30 25 26 27 28 217 30 23 32 33 34 36 37 38 39 189 217 42 42 14 19 17 20 21 29 24 25 26 27 28 217 30 23 32 33 34 35 37 38 39 189 217 42 42 14 19 17 20 21 29 216 25 26 27 28 217 30 31 32 33
4 5 6 72 8 9 10 11 12 13 14 39 65 36 22 18 19 20 21 38 39 65 36 37 38 39 65 41 22 44 45 46 47 48 49 50 51 52 53 54 55 56 57 35 59 60 61 62 63 64 46 66 67 68 69 10 42 70 71 72 32 72 33 76 72 78
4 5 137 133 8 72 73 74 12 13 14 15 20 71 18 130 129 15 20 21 47 45 23 24 25 26 27 28 29 30 31 32 33 34 35 36 37 38 39 40 41 42 43 44 89 23 47 48 49 50 51 53 54 55 56 57 58 59 60 61 62 63 64 65 66 67 68 69 20 17 72 10 11 75 76 77 78 79 80 81
4 5 57 51 11 10 19 15 16 12 8 14 48 18 17 29 6 21 22 23 30 25 26 27 28 29 30 44 32 33 34 24 25 20 47 47 28 29 30 44 37 8 18 17 16 14 48 40 39 20 21 22 23 30 25 26 27 28 29 29 38 17 8 37 14 48 16 8 17 38 40 39 40 39 20 21 22 23 30 25
4 5 6 8 7 6 10 10 10 9 13 8 6 15 8 5 6 8 7 6 10 10 10 9 13 8 6 15 8 5 6 8 7 6 10 10 10 9 13 8 6
4 5 6 7 8 213 10 11 12 72 13 14 104 16 17 17 173 172 176 187 15 109 110 190 52 224 214 229 223 224 110 228 226 227 228 229 230 231 232 236 24 194 194 106 196 77 21 109 110 112 45 27 28 29 30 32 37 145 251 187 24 25 26 27 28 29 30 32 251 20 21 107 170 173 51 176 17 72 13 120
4 5 6 8 10 11 66 85 86 46 52 60 38 40 41 42 39 43 45 46 60 38 49 50 51 52 21 22 8 9 35 36 96 39 41 42 41 39 96 34 14 38 28 52 51 47 47 48 49 50 51 52 53 33 34 96 39 41 42 43 44 45 11 67 68 69 70 71 66 67 68 69 70 71 66 67 68 69 70 71
4 5 6 53 9 8 13 14 15 16 17 28 19 20 21 49 22 23 25 26 27 7 11 29 31 50 51 50 31 30 42 43 44 45 46 47 27 42 41 44 45 39 26 47 46 38 38 16 24 37 50 51 31 30 42 41 44 45 47 46 47 42 41 44 45 39 26 17 28 19 34 26 24 37 50 51 40 41 42 43
4 5 232 7 51 186 53 54 55 30 31 32 70 34 57 189 155 25 90 9 67 20 19 20 174 180 179 36 37 13 126 127 128 129 224 120 121 122 123 124 125 126 127 128 129 208 209 210 211 212 213 214 215 216 217 218 219 220 31 30 140 27 14 125 83 84 85 176 178 143 89 84 85 176 65 152 156 78 181 79
4 5 273 270 10 11 16 13 53 15 11 16 17 169 203 204 187 195 196 197 81 214 213 216 218 215 84 262 254 30 31 16 33 101 110 63 107 159 171 200 197 105 82 197 196 214 217 216 218 84 61 62 229 259 260 251 145 206 45 244 46 20 254 153 64 110 187 101 55 183 260 201 82 197 105 201 82 84 262 201
4 5 284 281 238 256 56 262 113 270 53 263 26 193 186 185 161 132 212 182 263 256 262 113 243 67 68 270 218 186 38 8 246 260 135 248 15 262 139 140 55 254 34 112 121 109 34 186 177 48 12 39 40 46 131 156 65 63 75 135 14 15 262 139 140 267 268 138 105 112 121 34 57 177 38 186 179 189 39 40
4 5 6 58 58 25 26 17 10 12 10 13 52 19 22 57 24 24 19 26 28 29 30 20 20 17 11 12 10 16 52 19 26 26 17 29 42 25 7 16 12 10 23 52 26 28 29 30 36 18 20 20 17 11 12 10 16 52 19 57 47 22 45 52 24 53 44 45 40 29 42 53 44 54 16 12 11 10 16 12
4 5 229 224 51 197 53 54 55 59 31 32 70 34 57 93 84 141 85 65 149 66 40 41 71 144 115 151 178 97 179 180 133 95 79 152 92 91 92 72 96 177 176 22 65 66 173 175 146 71 141 199 70 85 149 153 40 41 115 97 179 180 47 95 79 79 76 74 76 127 128 221 131 115 91 146 21 9 22 23
4 5 40 36 36 6 8 9 10 11 30 12 8 9 10 24 18 17 16 24 19 30 21 30 25 12 11 24 21 30 25 12 8 9 10 24 18 19 21 21 27 17 25 24 21 30 25 9 10 24 21 30 25 9 10 24 21 15 17 27 24 21 19 30 25 12 23 21 21 30 25 12 25 14 21 30 19 9 10 24
4 5 176 72 65 81 85 150 151 152 153 154 155 156 158 81 85 82 80 81 121 122 123 124 123 125 126 128 111 129 114 120 91 92 117 119 118 120 121 122 123 124 125 126 128 111 129 130 131 132 133 134 135 136 137 138 139 140 14 142 143 145 146 147 148 68 83 151 152 153 154 155 156 158 159 160 161 162 41 50
4 5 111 8 21 100 101 64 24 30 26 12 13 14 100 101 103 21 29 100 101 103 21 24 30 26 57 98 54 34 27 43 40 46 45 85 28 41 43 33 24 30 26 57 93 92 91 90 92 95 96 29 95 19 29 36 52 39 87 37 37 77 78 78 83 84 57 82 85 45 41 42 43 28 41 83 84 57 93 93
4 5 6 22 8 23 58 33 13 14 15 16 17 18 19 20 21 23 24 12 26 27 28 29 30 31 11 12 34 35 36 37 38 39 40 41 42 43 44 45 46 47 48 49 50 51 52 53 54 55 56 54 54 40 18 61 54 54 54 40 24 59 34 35 60 62 64 65 66 67 68 69 70 70 72 22 74 72 76
4 5 66 108 69 14 10 75 76 77 78 79 80 81 82 83 84 85 86 14 16 87 88 30 90 91 92 93 94 95 96 97 98 99 100 101 102 103 104 105 106 107 108 109
4 5 130 127 127 6 116 124 5 8 127 127 39 66 65 95 27 93 96 100 100 100 127 127 9 32 12 15 29 20 21 22 50 21 24 29 62 63 74 69 11 12 16 17 36 13 14 16 15 18 21 22 24 50 24 29 63 74 120 40 37 36 35 39 41 13 34 35 36 36 37 16 13 34 43 44 93 113 104 114
4 5 6 65 7 6 9 62 25 15 14 17 41 17 41 17 49 40 44 30 52 64 18 40 44 50 9 62 63 17 14 17 52 49 50 52 35 20 21 52 52 64 18 40 44 55 52 64 18 40 44 50 23 24 63 44 55 52 21 52 53 40 18 40 44 50 49 54 31 21 41 17 52 64 18 40 44 50 52 35
4 5 141 14 20 101 37 99 39 20 21 41 10 22 23 128 10 28 27 28 59 26 125 28 59 52 130 130 36 130 13 63 68 13 110 17 141 135 19 125 28 59 26 125 28 59 52 130 7 37 66 39 53 97 98 125 54 53 82 83 84 47 41 40 56 85 110 96 110 66 100 61 53 32 101 21 41 40 22 23
4 5 129 52 8 86 10 11 12 13 14 15 16 45 18 19 20 21 93 23 69 70 94 27 28 45 30 32 33 34 35 36 37 38 39 40 41 42 43 45 46 46 50 51 52 53 54 55 56 57 58 59 60 54 62 63 64 65 66 67 68 69 70 71 72 73 74 75 76 77 78 79 61 81 16 84 85 9 87 88
4 5 6 8 31 32 33 77 42 43 134 72 24 88 91 93 92 101 100 102 97 98 135 115 116 139 114 142 115 116 116 68 142 81 100 99 101 97 15 17 108 46 32 33 94 93 91 88 95 94 93 91 86 94 93 91 93 84 81 80 128 74 75 79 80 74 128 133 135 58 106 127 117 59 139 118 142 82 140 119
4 119 37 118 76 177 187 188 142 190 167 213 67 47 13 65 13 50 52 163 211 248 159 173 158 175 164 167 241 145 234 233 155 156 169 215 216 10 219 171 177 214 21 63 108 101 51 98 18 60 62 63 64 64 15 211 158 175 164 167 208 170 144 241 148 149 150 151 147 176 63 76 247 21 64 73 211 157 175 209
4 5 70 64 16 61 33 57 58 16 17 18 19 20 21 22 23 24 9 26 27 28 29 30 7 33 57 35 53 42 33 57 44 46 21 22 49 52 51 37 47 55 20 48 49 50 51 52 37 47 55 20 48 49 50 51 52 37 46 47 55 20 48 49 52 51 63 42 43 44 15 14 9 10 12 13 14 15 16 17
4 5 6 50 35 36 45 38 30 29 43 10 23 47 34 15 16 18 19 17 19 35 36 45 38 18 41 39 17 18 19 42 10 31 16 40 19 17 29 33 34 32 33 30 29 43 30 13 46 18 39 17 18 19 51 50 51 49 53 50 55
4 5 57 47 11 32 15 46 11 32 15 46 10 53 12 48 18 30 48 34 30 33 34 32 15 11 10 52 12 33 14 30 33 34 32 15 11 10 52 16 48 18 30 33 34 32 15 11 10 52 16 48 18 30 33 34 32 15 11 10 52 16 48 18 30 33 34 32 15 11 10 52 12 33 18 30 33 34 32 15
4 5 6 29 29 94 38 39 70 15 74 56 38 39 40 34 35 54 22 60 61 46 23 60 25 46 39 70 75 42 45 76 46 22 60 25 46 23 82 25 46 39 40 75 77 51 77 50 51 77 23 52 75 42 13 40 75 22 56 57 21 34 48 49 51 77 77 23 77 51 77 23 75 75 16 75 75 54 55 53
4 5 6 7 85 13 23 11 12 11 10 43 40 31 32 34 11 13 14 36 16 38 51 83 65 34 40 31 32 80 40 35 42 42 78 42 35 51 50 31 40 34 33 41 40 31 33 34 40 33 41 65 35 42 78 42 51 50 31 35 40 34 33 41 40 31 33 41 40 34 33 31 35 65 63 64 39 44 65 35
4 5 241 50 91 21 11 12 13 81 15 214 219 216 220 40 90 102 25 154 40 32 55 57 131 216 219 180 169 86 139 122 214 219 218 39 21 22 14 15 214 219 216 220 10 76 13 14 15 214 219 216 39 24 25 143 140 139 122 214 219 216 39 17 22 20 24 25 143 194 198 180 155 222 118 73 89 54 94 166
4 5 81 80 47 48 10 39 12 13 14 15 16 17 18 19 20 21 22 23 14 15 16 16 17 18 19 20 21 22 23 14 15 16 17 18 19 20 21 22 23 14 15 16 17 18 19 20 21 22 23 14 15 16 17 18 19 20 21 22 23 14 15 16 17 18 19 20 21 22 23 14 15 16 17 18 19 20 21 22
4 5 6 8 11 12 13 301 43 43 44 45 46 42 50 78 40 50 301 43 54 88 106 18 23 103 161 160 23 162 163 164 165 166 167 168 169 170 171 172 173 174 175 176 177 178 18 180 181 182 111 184 185 186 187 188 189 190 191 192 193 194 195 196 197 198 199 200 201 111 203 205 206 207 208 209 210 211 212 213
4 5 6 7 9 9 108 29 114 30 114 47 116 15 16 17 30 19 20 76 77 22 23 82 22 23 95 125 67 66 67 68 69 98 71 70 71 72 73 74 111 112 34 55 30 44 19 14 22 23 129 37 123 88 89 43 43 44 45 46 47 116 44 19 76 77 22 23 82 22 23 95 96 97 98 77 30 114 55 26
4 5 124 7 75 11 38 13 79 15 52 17 18 19 70 70 110 28 29 30 11 84 96 34 35 36 37 84 39 40 41 42 84 44 45 46 47 48 49 50 51 16 17 54 55 56 92 58 59 60 61 62 63 64 65 66 67 68 69 70 71 72 73 55 75 76 77 84 79 81 82 100 84 79 86 87 88 89 90 56
4 5 6 161 48 96 142 98 30 95 49 97 51 68 131 130 131 76 18 52 53 15 23 19 57 138 138 137 134 138 128 88 89 141 41 143 129 75 127 138 35 23 58 52 56 137 79 80 82 83 106 108 79 133 137 50 143 74 75 127 138 53 15 137 137 97 42 129 75 127 134 137 149 121 89 88 91 128 137 79
4 5 203 198 198 99 22 23 68 25 26 27 28 191 30 31 32 33 34 35 36 37 38 39 40 41 42 43 77 78 79 80 81 82 83 91 85 86 87 88 89 95 91 92 88 89 95 96 97 98 99 100 101 102 103 104 105 107 108 109 108 66 67 24 69 70 71 119 56 74 75 76 77 78 79 80 81 82 83 91
4 5 178 158 12 47 14 45 148 16 13 14 80 84 140 83 145 148 149 151 151 148 149 90 90 114 85 85 80 114 85 84 140 83 141 77 41 40 40 105 167 30 61 167 169 170 171 99 99 64 7 176 64 178
4 5 6 52 26 22 23 113 28 16 17 18 19 20 21 22 23 96 65 40 38 100 57 102 105 106 107 108 109 110 109 95 96 9 59 44 32 107 109 53 23 55 36 35 39 40 57 38 56 73 78 60 61 60 104 110 47 48 49 50 51 119 115 116 117 118 119 83 92 105 106 107 108 102 11 26 105 106 107 108
4 5 6 57 8 8 17 26 34 16 47 18 21 22 24 22 21 15 17 52 51 13 51 52 51 37 46 39 43 44 45 36 37 46 34 38 39 27 30 31 32 46 53 53 52 19 53 16 51 10 24 22 21 22 44 45 46 41 30 44 32 46 53 29 43 44 45 37 46 41 38 39 27 43 31 32 46 53 53 52
4 5 222 221 11 147 150 108 37 129 121 130 9 100 209 19 177 119 120 117 136 106 51 105 158 147 150 60 130 21 13 67 130 21 13 197 199 93 85 95 99 28 29 160 64 20 104 108 92 133 105 158 134 106 135 46 136 106 51 105 59 154 153 59 153 59 154 147 150 38 130 118 68 209 18 19 120 119 120 117
4 5 6 7 8 7 10 211 206 13 148 35 19 20 21 22 23 184 25 23 30 31 32 33 95 96 160 166 167 168 169 170 203 172 194 53 54 55 50 57 58 59 37 61 62 63 64 65 66 67 68 69 70 71 59 60 35 42 67 14 54 55 50 57 58 59 37 61 168 63 64 65 66 67 68 69 70 71 59 74
4 5 159 7 8 9 48 11 12 13 14 35 48 17 90 19 20 21 22 23 24 25 26 27 28 69 30 31 86 33 41 35 36 37 38 49 40 41 42 52 44 45 46 47 37 38 39 50 51 52 53 54 55 56 57 58 59 60 61 62 63 64 65 145 67 68 29 70 71 72 73 74 10 76 77 78 64 80 81 82
4 5 116 110 52 52 86 57 58 65 66 60 59 96 33 87 42 40 42 28 63 64 65 66 67 74 68 34 81 79 21 89 82 83 14 79 99 98 105 33 101 56 96 32 63 64 65 66 67 74 78 101 56 93 94 95 106 107 108 109 20 13 21 82 83 25 26 11 30 30 12 105 93 71 95 80 81 14 90 103
4 5 6 127 8 116 38 55 39 39 8 125 12 49 34 27 67 64 66 33 67 64 34 27 87 88 19 33 67 64 66 33 67 87 27 19 45 72 33 67 93 67 33 87 88 19 33 67 64 66 87 27 19 10 116 116 38 20 38 53 25 48 110 119 120 119 120 121 39 39 55 39 39 42 90 33 64 65 66 87
4 5 6 117 60 81 83 85 86 84 17 82 69 105 63 64 47 25 44 45 103 67 66 65 25 11 51 60 81 52 87 101 56 115 93 90 88 89 98 93 90 88 89 53 98 88 89 53 90 84 85 86 69 17 60 110 97 115 28 56 40 43 38 53 78 41 42 29 115 52 86 85 110 60 110 85 84 115 52 90
4 5 6 188 19 9 46 97 48 49 12 51 52 24 54 55 56 57 58 59 60 61 62 63 64 65 66 15 68 69 70 71 72 44 74 167 115 116 117 118 119 20 121 26 123 124 44 126 44 128 129 133 131 132 133 134 135 136 137 138 139 140 141 142 143 144 145 146 147 148 149 150 151 175 153 153 152 66 67 68
4 5 118 30 10 10 29 105 67 72 8 29 31 33 101 35 36 42 60 61 62 64 43 67 41 35 28 104 65 14 98 35 46 42 60 61 62 64 43 67 41 12 18 56 86 87 88 98 72 99 104 14 98 41 62 60 61 64 42 67 39 100 94 70 72 86 87 88 98 56 20 98 54 14 65 13 16 16 20 62
4 5 73 8 14 41 33 40 32 63 41 17 19 18 42 51 10 23 54 23 24 18 17 19 18 10 11 24 51 59 60 14 68 36 58 59 60 26 56 36 29 39 16 34 56 36 29 63 32 33 40 19 42 21 44 63 32 40 63 41 17 19 18 17 39 40 63 32 33 40 63 41 34 27 36 37 59 30 49 30
4 5 6 57 12 8 9 10 11 18 19 20 21 22 23 26 24 27 20 21 22 23 26 24 19 15 16 14 17 18 19 20 21 22 23 24 18 26 24 27 37 44 39 50 43 33 34 22 41 42 24 27 17 18 19 20 21 22 23 26 24 18 19 20 21 22 23 26 24 27 17 18 19 20 21 22 23 26 24 18
4 5 53 7 8 8 14 38 39 22 23 13 8 7 25 36 13 14 30 28 19 38 17 31 18 19 20 39 38 27 44 46 21 38 33 40 18 20 19 35 36 29 30 18 19 20 42 38 39 27 44 38 42 38 33 40 18 20 19 38 39 38 42 17 31 19 18 20 39 38 33 40 19 30 21 38 33 27 39 38
4 5 35 92 13 16 44 45 46 47 48 49 50 51 87 40 54 75 47 48 49 51 39 58 59 60 61 62 63 61 22 66 67 68 69 70 71 72 73 74 75 78 79 76 79 45 44 26 80 49 50 51 57 40 84 85 81 57 83 84 85 86 57 12 89 90 91 56 56 56 56 96 92 98
4 5 6 9 8 9 10 183 30 29 28 20 15 69 18 67 14 155 23 24 25 102 26 127 128 166 167 114 169 170 171 70 118 31 120 101 124 23 24 25 102 26 127 128 158 129 130 114 169 170 166 168 115 136 137 89 72 134 135 68 69 5 6 7 8 9 10 183 96 29 28 20 15 69 18 67 14 22 155 23
4 5 6 36 25 31 29 30 41 16 18 19 14 13 27 17 39 40 21 38 36 8 9 18 11 20 38 21 18 19 39 40 38 21 10 19 39 40 21 38 36 46
4 5 367 7 11 12 13 259 41 15 44 45 46 89 50 78 49 50 259 15 54 224 17 18 324 323 33 162 104 164 165 166 167 168 169 170 324 169 105 24 109 110 9 10 11 12 13 259 41 15 44 45 46 42 50 78 49 49 50 259 15 54 224 17 18 324 103 33 162 104 164 165 166 167 168 169 170 324 169 105
4 5 126 7 11 14 106 42 119 25 57 42 119 135 93 136 16 15 17 63 17 7 38 32 13 70 72 116 70 72 34 42 70 72 116 115 73 72 70 71 73 115 72 116 70 72 34 63 137 130 91 90 138 130 91 34 57 34 66 74 75 59 18 28 101 20 19 97 32 99 55 41 46 45 43 56 70 72 116 73
4 5 113 112 8 84 10 11 12 13 14 15 81 17 18 19 20 21 22 23 24 69 92 27 28 45 45 32 33 34 35 36 37 38 39 40 41 42 43 17 46 47 48 49 21 7 52 79 54 55 56 57 58 59 79 61 62 63 64 65 66 67 24 69 70 71 72 73 79 75 76 77 78 74 80 16 82 83 9 85
4 5 6 9 8 8 12 13 14 15 12 17 14 15 15 12 17 14 15 15 21 22 18 41 23 24 12 22 14 13 14 15 15 12 17 14 15 15 21 22 18 41 51 45 15 12 17 14 15 15 21 22 18 41 23 24 12 22 45 15 12 17 14 15 15 21 22 18 41 23 24 9 22 22 15 12 13 14 15 15
4 5 6 52 24 58 47 44 45 44 24 18 20 34 35 35 35 34 30 32 35 45 44 45 44 45 9 9 27 9 10 16 21 34 30 35 35 45 44 45 44 16 12 34 30 40 31 35 44 45 44 45 32 34 30 40 40 31 35 44 45 44 45 32 34 30 40 31 35 44 45 44 45 32 34 30 40 40 31 35
4 5 6 7 8 49 40 33 12 13 14 15 16 17 18 19 28 29 26 25 24 27 28 29 64 31 50 11 46 20 21 11 43 44 34 35 36 37 38 39 35 44 16 17 18 48 48 47 48 31 40 22 19 16 18 58 59 60 61 62 63 65 64 64 30 68 65 70
4 5 6 109 8 9 10 11 12 13 14 15 16 17 18 19 20 21 90 23 24 25 26 27 28 17 17 31 32 33 34 35 36 37 38 39 40 41 42 17 45 46 47 48 21 109 51 78 53 54 55 56 57 58 78 60 61 62 63 64 65 66 24 68 69 70 71 72 59 74 75 76 77 52 79 80 81 82 9 84
4 5 121 117 91 59 43 44 75 42 41 93 114 58 17 23 109 25 110 22 20 21 23 109 25 26 27 28 63 64 65 38 111 93 114 58 113 114 111 75 41 41 41 42 31 44 23 24 25 110 17 17 18 19 20 21 23 109 25 26 27 28 63 64 27 60 46 47 48 45 46 47 48 50 59 43 53 85 30 56
4 5 8 21 10 23 25 34 11 14 35 23 25 26 27 28 7 33 14 22 40 26 27 28 42 33 34 35 40 26 27 28 8 33 34 22 40 26 27 28 7 33 14 22 40 26 27 28 7 33 34 35 40 26 27 28 7 33 34 35 40 26 27 28 7 33 34 35 40 26 27 28 7 33 34 35 40 26 27 28
4 5 6 33 33 168 44 31 32 79 81 32 145 98 148 149 18 19 20 149 22 48 30 45 46 145 146 144 71 148 152 154 154 147 14 148 64 128 67 158 119 95 8 9 52 138 69 21 138 25 136 15 79 18 141 20 18 17 149 22 34 96 33 34 30 45 32 79 81 32 20 18 141 145 14 148 64 97 76 71
4 5 6 68 60 60 11 12 14 47 52 53 54 55 51 21 47 19 22 30 42 28 28 63 63 7 10 67 63 69 69 60 5 6 62 60 11 12 14 47 21 55 53 54 55 51 21 47 19 22 30 42 28 28 63 63 10 7 67 63 6
4 5 6 7 42 74 50 68 8 14 15 16 26 21 28 29 44 23 24 55 53 54 35 59 36 37 60 44 35 54 53 55 58 56 60 59 37 35 81 61 34 40 60 59 9 31 9 31 46 47 76 52 57 55 54 53 24 23 58 38 59 60 11 12 60 59 37 37 61 61 35 59 36 37 9 31 30 27 22 13
4 5 121 117 8 9 35 36 37 9 16 62 64 65 25 104 61 67 68 56 6 73 74 75 76 38 39 30 42 46 47 48 49 50 39 25 41 31 29 32 36 35 36 37 25 41 31 32 36 11 35 33 37 25 23 108 32 36 11 35 33 37 25 23 108 32 36 11 35 33 37 25 41 108 32 36 11 35 33 37
4 5 6 49 7 6 39 40 41 42 24 41 40 9 23 27 20 22 9 23 27 20 40 39 22 41 42 40 41 9 23 27 20 40 39 22 41 42 40 41 9 23 27 20 40 39 22 41 42 40 41 9 23 27 20 40 39 22 41 42 40 41 9 23 27 20 40 39 22 41 42 40 41 9 23 27 20 40 39 22
4 5 84 141 92 78 94 14 11 12 13 14 15 83 109 119 36 139 119 98 107 108 55 106 107 108 97 106 107 108 114 116 113 114 104 28 103 101 134 135 11 12 13 14 15 83 138 32 119 36 119 109 106 107 108 55 43 47 62 105 50 51 103 104 101 134 135 11 12 13 14 15 30 138 32 119 36 119 109 49
4 5 113 7 8 9 10 11 12 13 14 15 16 30 18 19 96 50 22 23 68 69 92 27 28 30 17 32 33 34 35 36 37 38 39 40 41 42 43 30 46 47 48 49 50 7 52 60 54 55 56 57 58 59 79 61 62 63 64 65 66 67 68 69 70 71 72 73 53 75 76 77 78 79 80 81 82 83 9 85
4 5 31 25 25 9 10 11 24 12 12 16 24 12 12 16 24 21 23 12 24 15 16 24 12 16 15 16 24 21 13 14 15 16 15 16 15 16 24 15 16 24 12 12 24 15 16 15 16 24 15 16 24 12 19 13 14 15 16 24 15 16 15 16 24 15 16 24 12 12 24 15 16 15 16 15 16 24 15 16
4 5 123 118 35 40 77 25 32 101 44 101 100 101 23 23 57 58 18 23 101 44 45 31 65 66 67 109 10 105 113 45 31 63 113 73 29 30 44 31 65 66 109 67 36 42 43 107 106 107 90 108 80 105 57 58 47 78 73 113 28 8 11 7 39 51 41 42 91 109 67 36 43 103 43 109 66 65 67 36
4 5 125 130 8 6 28 29 30 31 32 33 34 35 36 37 38 39 40 123 46 47 44 45 42 43 44 49 50 51 52 53 54 55 56 85 58 46 95 61 62 63 64 65 66 67 68 69 70 71 72 73 74 75 76 77 78 79 80 81 82 83 84 85 86 87 82 89 90 91 92 93 46 47 96 97 98 99 100 101
4 5 6 185 8 9 10 13 12 19 14 13 16 13 18 19 20 21 9 23 122 172 105 27 132 133 30 89 169 47 127 49 52 130 131 28 80 134 51 136 37 138 139 34 35 57 143 144 145 61 62 63 64 68 120 23 24 80 131 84 73 74 156 157 76 159 160 161 162 78 164 80 81 160 83 84 78 169 170 89
4 5 6 7 8 23 9 10 18 11 31 33 32 33 32 24 26 26 14 29 24 35 35 34 17 18 19 37 38 21 13 29 24 25 13 29 24 40 41 41 7 43 40 45
4 5 203 198 8 9 10 11 12 13 15 16 17 18 19 20 21 22 27 25 26 27 28 16 17 18 19 20 21 22 27 25 26 27 28 16 17 18 19 20 21 22 27 25 26 27 28 16 17 18 19 20 21 22 27 25 26 27 28 16 17 18 19 20 21 22 27 25 26 27 28 16 17 18 19 20 21 22 24 25
4 5 61 58 12 9 16 20 40 12 9 16 16 38 10 40 18 12 9 16 16 38 10 40 18 12 9 16 16 38 10 40 18 43 44 45 46 47 48 49 50 51 52 53 54 55 55 55 42 59 55 6
4 5 78 75 10 70 63 26 39 54 17 18 53 42 23 17 40 53 54 22 31 67 13 34 20 47 62 51 50 46 44 53 42 18 49 51 50 46 46 44 22 18 38 49 50 51 46 46 44 18 58 59 60 14 35 32 33 38 20 34 49 50 51 46 44 46 40 42 17 18 49 51 50 46 46 44 18 58 59 60
4 5 105 63 64 65 86 10 71 72 85 65 66 10 45 60 47 15 49 68 16 73 69 93 59 56 58 50 23 69 73 56 80 68 25 26 27 80 60 47 40 30 69 33 83 38 24 52 82 18 17 18 48 16 49 68 16 48 49 85 26 67 45 60 47 40 30 18 17 18 17 21 82 45 83 82 59 48 49 68
4 5 91 7 11 17 74 19 71 69 75 76 40 33 10 35 74 71 69 41 61 43 44 19 83 46 24 55 55 22 30 30 55 47 53 73 57 59 73 60 79 53 64 42 43 32 20 19 24 82 83 23 47 55 24 22 57 73 60 69 79 80 53 77 78 24 55 47 24 82 22 30 82 47 57 73 60 69 79 53
4 5 7 7 27 9 9 72 76 77 78 79 80 81 82 83 82 12 13 41 42 43 44 45 46 47 48 49 50 51 52 53 54 55 56 57 58 59 60 61 62 63 64 65 66 66 45 29 46 36 43 48 49 50 51 52 53 54 55 56 57 58 59 60 61 62 63 64 65 66 56 57 58 59 60 61 62 63 64 65
