11 42 39 23 12 12 12 67 6 37 6 49 4 51 9 62 24 38 74 5 71 19 7 36 13 43 79 19 66 49 4 48 37 19 19 35 53 9 10 10 50 32 18 6 40 9 59 10 19 19 22 29 80 8 29 49 55 22 29 16 6 52 9 78 28 64 25 57 65 19 5 52 29 33 9 61 69 15
10 6 26 19 17 14 4 25 6 24 21 9 6 9 4 18 6 10 15 27 17 7 5 8
7 4 9 7 5 10 6
6 10 11 6 9 11 7 21 23 8 18 23 32 4 22 43 29 16 7 21 11 30 45 14 34 47 40 6 30 35 23 8 6 13 12 4 11 33 25 22 11 13 5 17 16 15 11 13 31
6 15 18 21 10 17 9 8 20 19 26 25 23 27 14 4 5 12 7 16 12 11 13 24
17 31 8 7 17 13 29 9 27 17 12 26 10 32 17 5 8 6 30 23 5 4 21 24 15 28 14 16 11
4 7 11 10 5 9 8 12 6
5 17 7 12 17 5 16 15 16 9 11 9 11 30 14 5 20 6 27 11 30 8 23 34 11 9 26 15 33 19 4 24
10 19 16 8 5 7 21 11 15 20 15 12 14 5 17 12 5 4 6
5 6 4 7
6 14 4 6 6 5 8 7 14 20 7 14 12 12 4 18 9
10 21 7 7 11 10 7 21 33 28 19 10 7 15 12 6 13 25 32 17 4 36 34 5 34 20 34 30 27 22 7 26 23 29 32 16 18
6 5 8 9 7 4
4 4 7 11 16 8 12 13 5 15 9 4 6
5 8 6 10 7 4 11 9
26 21 11 18 10 28 12 10 5 25 19 14 20 16 14 8 13 17 4 24 29 23 6 7 15 27 9
6 13 4 10 16 9 15 11 7 14 12 5 8
18 15 19 5 4 10 7 5 8 4 10 6 14 13 17 9 8
27 18 18 12 21 25 20 4 15 5 6 12 15 13 14 9 24 15 10 16 10 7 18 8
29 10 10 60 39 48 29 53 22 6 51 6 14 37 6 8 5 8 11 8 8 8 11 50 8 34 11 6 6 6 8 8 11 8 35 61 52 8 54 8 19 8 8 42 11 62 8 8 11 33 13 56 4 11 11 11 24 8 31 11
8 19 21 18 14 20 19 27 9 15 22 12 10 23 7 7 28 16 6 5 24 4 8 9 8 29
5 4 19 24 15 7 27 6 12 11 13 15 4 7 8 25 5 16 8 9 18 5 22 25 18
20 12 11 5 13 17 4 4 11 11 10 11 4 4 8 4 6 19
24 12 7 23 16 6 14 8 6 19 20 11 15 10 25 10 13 19 6 9 5 4
49 49 16 17 13 29 20 34 21 5 27 22 35 55 23 15 33 53 47 31 37 50 32 4 60 51 14 9 36 41 12 58 52 59 24 45 65 63 26 64 44 18 7 43 25 11 56 19 61 48 40 38 30 46 57 42 62 10 6 8 28 39
13 14 6 8 4 7 11 12 12 5 16 10 9 15
23 4 15 4 12 10 18 17 16 5 21 19 8 12 7 20 20 6 14 9 17 4 7
5 5 24 16 15 21 17 10 4 6 9 25 8 7 18 20 22 13 5 10 4 19
10 5 4 5 6 8 11 9
6 8 5 6 9 11 4 5
14 9 35 10 13 6 15 18 5 38 6 15 28 6 36 4 37 9 13 40 33 22 16 24 25 29 42 8 19 8 7 34 32 39 12 24 20 43 31 29
18 5 12 11 10 15 16 7 4 6 13 4 8 8 7
8 5 6 4 7
22 9 5 5 13 15 18 7 16 23 7 4 11 8 12 19 13 5 6 20
10 9 5 4 12 8 11 6 7
11 15 23 8 4 8 4 19 4 12 6 4 21 7 11 9 17 5 11 18
8 10 5 7 7 4 11 6 13 12
10 11 7 5 7 6 8 6 4
8 14 7 12 5 10 12 9 4 11 15 16 12 6 18 13
16 7 50 6 40 19 39 16 19 9 45 18 44 27 28 34 21 13 16 5 41 20 11 21 28 37 31 38 32 11 49 8 12 15 14 22 6 4 10 17 36 15 7 15 7 33 30 48
12 11 5 14 8 4 10 15 9 8 6 7
6 9 4 8 7 5 10 11
12 8 12 19 42 18 8 9 16 23 10 29 24 27 4 10 10 36 40 11 10 33 5 27 22 10 22 27 37 5 22 27 10 45 24 6 48 46 14 38 15 44 21 20 6
15 4 10 10 31 16 20 11 6 24 26 28 14 21 9 5 18 17 16 8 23 24 7 29 12 19 13 13 25
50 41 18 21 34 11 8 8 7 12 57 36 40 7 36 46 39 16 22 64 13 9 49 13 61 49 27 9 13 60 43 26 6 42 13 47 4 25 54 4 25 59 53 55 4 25 29 45 56 10 5 30 19 17 24 31 33 23 48 35 52
4 10 4 7 9 6 6
23 25 23 20 28 5 14 8 18 7 27 25 16 16 16 27 11 5 15 22 4 18 15 9 29 13 12 17 6 33
4 24 18 20 9 15 8 20 19 11 6 16 10 5 6 7 12 14 12 26 20 8 13
16 4 11 6 12 16 15 16 10 17 8 7 12 12 13 8 4 8 4
8 7 4 6 5 11 9 10 12
5 8 7 6 9 4
17 11 10 4 6 13 13 18 19 5 6 16 15 15 13 12 11 24 9 7 14
15 7 6 5 11 13 6 6 17 16 12 20 10 4 18 8 5
8 16 20 9 7 14 7 11 12 13 15 5 4 19 13 13 5
10 4 11 8 4 16 11 7 12 6 14 8 11 13 5
9 27 35 38 27 4 5 15 13 9 16 41 29 6 5 15 15 36 18 37 30 5 14 10 15 8 32 19 24 28 21 20 7 31 18 10 7 20
9 6 10 4 7 12 11 14 5 8 12 12 10
8 20 8 5 24 18 25 6 19 9 23 8 14 22 13 4 12 15 7 10 8 20
4 16 13 7 14 18 9 12 11 4 8 10 5 6 11
14 11 5 7 9 15 8 4 12 8 10 6
19 41 18 63 44 18 40 15 32 47 17 59 46 58 45 9 20 12 5 51 10 29 18 25 11 60 54 33 19 15 35 61 62 35 50 8 19 15 52 6 40 7 13 6 22 44 31 4 21 22 28 36 55 14 34 53 16 57 39 11
7 4 6 8 9 10 5
9 11 5 9 7 5 14 8 19 18 9 20 4 6 12 17 9
6 14 12 6 17 10 8 15 9 26 10 22 6 9 19 5 4 11 9 4 5 7 9
5 4 5 8 13 9 6 10 7 5 14
7 23 14 13 10 4 18 5 8 14 8 22 6 7 9 15 29 10 4 31 12 5 24 20 11 17 16 21
7 36 37 30 10 44 52 10 33 15 21 5 35 4 11 8 31 14 9 53 27 27 47 48 22 24 38 6 41 13 19 49 18 45 23 40 28 25 29 20 12 51 43 42 34 17 50 16 12 26
18 8 8 13 11 10 14 15 6 8 6 12 23 16 5 15 20 11 7 16 13 15 4 9 22 29 11 10
10 6 6 25 10 5 12 13 15 9 13 23 4 5 12 6 16 15 10 26 21 4 6 18 24
12 12 12 5 4 5 6 10 5 9 16 8 4 13 19 5 13 5 22
8 6 5 7 4 10 9 11 4
5 14 5 5 18 15 10 19 17 7 5 11 9 13 12 4 5
4 4 5 7 8
11 11 6 12 21 32 22 9 19 4 15 10 14 23 4 19 18 7 27 4 20 11 29 5 31 25 17 8 10 4
4 46 52 7 51 28 12 9 4 31 49 15 37 26 23 22 10 5 20 29 12 38 33 10 5 22 48 50 40 41 53 5 11 39 34 16 32 42 36 17 14 14 19 8 29 8 4 34 19 27
4 11 9 7 10 9 17 11 4 5 9 8 6 12 9 14 24 23 22 19 11
13 8 8 8 35 15 9 5 42 14 23 22 38 25 44 27 20 10 9 7 15 6 4 34 9 7 46 13 6 51 22 14 15 16 45 25 15 18 26 48 15 37 33 27 10 31 15 16 29
5 13 4 7 14 16 17 15 5 10 9 8 12 11 6
5 4 7 6
5 4 11 9 15 7 10 13 14 6 12 8
25 32 5 47 39 18 58 64 42 67 42 14 39 5 22 80 54 12 6 13 4 35 14 72 40 34 22 62 5 82 65 22 30 39 52 74 17 51 30 39 5 56 41 57 53 76 15 27 20 38 23 16 81 68 63 31 78 21 36 59 50 19 69 11 33 37 70 10 7 46 29 24 32 32 14 73 43 5 47
7 22 22 17 12 6 7 10 13 6 7 8 8 13 5 16 4 18 18 4 14 8
9 11 7 10 18 8 15 23 19 18 5 5 9 13 16 15 10 20 19 9 14 4 13
32 33 23 12 25 21 13 10 18 30 13 7 4 9 8 26 28 9 11 13 5 5 17 13 15 8 29 20 19 20
17 8 5 14 15 9 16 6 4 17 13 11 7 10 4
7 9 4 6 5 8 10
4 24 6 17 5 5 9 5 11 8 4 10 18 22 28 4 11 5 8 6 24 29 11 17 23 16 11
5 13 14 9 8 18 10 12 4 6 7 16 14 17 20 11 13
16 4 5 16 21 20 19 15 13 8 12 11 12 4 7 10 9 14
14 5 15 12 4 13 9 17 10 7 8 11 11 6
5 6 9 8 7 4
8 9 8 55 12 23 14 49 8 42 22 7 4 27 38 6 25 45 25 18 5 45 11 45 57 10 15 26 31 14 20 8 16 8 16 12 28 23 40 8 16 28 40 8 23 15 9 8 16 50 17 35 35 12 48 17
27 29 58 27 57 46 4 12 26 19 33 17 53 11 62 36 13 36 30 19 62 17 4 20 20 21 25 23 42 41 56 7 21 42 6 12 25 47 10 17 49 8 31 40 15 18 9 28 35 35 45 34 32 5 4 13 55 53 8 17 16
5 9 14 10 15 16 11 8 11 13 5 6 4
20 11 20 20 10 7 39 6 4 16 27 42 56 22 30 19 9 45 23 6 12 20 18 43 8 34 4 55 7 18 24 16 27 7 13 14 30 20 39 31 49 19 7 11 13 33 9 23 5 20 11 13 33
6 13 7 24 8 25 7 4 13 9 13 6 22 15 9 9 7 17 9 5 21 9 20 18 18 10
10 10 23 8 4 6 10 5 15 9 7 14 9 20 11 18 17 13 10 12
4 7 8 5 9 14 14 7 12 6 13 14 10
25 18 24 7 27 26 12 10 23 14 10 29 20 15 11 4 21 8 19 10 6 28 9 16 30 17 5 22
11 5 9 12 8 12 8 12 6 4 14 13 10 6
31 20 18 13 12 8 42 6 34 16 9 10 21 7 13 9 10 17 38 29 41 23 28 37 30 13 33 39 11 24 4 27 5 27 40 15 19 32 26 33
4 5 4 21 6 4 13 7 14 17 22 23 9 16 9 26 12 22 7 4 10 15 19 20
11 7 43 34 27 44 51 5 44 15 48 32 40 39 8 17 28 25 5 21 16 13 17 9 8 18 6 30 24 10 9 4 14 12 33 42 34 26 38 19 19 12 11 12 11 12 49 20
7 6 10 5 11 4 12 9 8
6 4 12 9 11 17 4 10 4 13 16 4 4 14
8 24 11 11 8 8 30 12 28 7 11 18 6 14 29 25 23 4 4 27 6 26 4 5 8 8 15 10
6 4 13 7 16 15 12 14 5 10 8 9 8
8 7 4 6 4 5
12 13 6 10 4 10 14 5 9 8 7
6 8 4 5 5
10 14 9 13 12 7 6 8 4 5 10 9
35 47 10 13 31 37 4 5 8 6 45 16 38 21 9 11 43 15 5 42 18 9 11 17 23 27 39 22 9 11 26 29 28 20 36 13 30 12 7 41 40 15 40 15 28 14 49
10 12 6 5 5 9 4 7 6
7 11 15 19 9 16 17 16 4 9 10 8 6 8 10 4
8 25 41 33 15 14 8 6 8 20 24 27 11 46 7 50 17 13 38 32 45 31 19 28 42 22 16 21 29 23 10 44 9 5 35 18 48 4 43 26 12 49 42 40 34 36 39
23 20 4 14 26 22 17 6 11 9 27 12 24 7 15 5 16 19 8 25 11 13 13 10
13 11 15 6 4 8 12 14 5 10 7 9
29 10 14 35 16 13 9 24 10 33 6 10 34 40 26 14 6 17 20 18 24 12 17 43 30 5 7 5 36 22 19 8 25 6 29 37 34 4 28 4
24 4 4 4 24 10 19 9 17 25 14 14 15 17 6 8 12 5 23 6 4 24 9 9 7 8
10 11 14 10 5 7 9 8 11 11 4 6
11 21 18 20 12 16 5 9 22 13 4 6 10 11 11 15 5 8 4
8 12 15 33 23 8 21 18 7 14 6 27 19 30 34 11 5 24 37 35 9 26 13 15 17 25 4 4 8 16 17 25 28 10
11 4 9 6 10 8 7 13 9 4
24 20 20 23 19 6 7 4 21 14 7 22 7 5 9 15 17 8 7 12 9 5 9
7 4 7 24 12 30 19 6 11 13 10 5 22 23 7 23 7 14 31 27 15 32 17 20 26 8 21 18 25
8 24 22 22 17 6 28 16 23 8 5 21 20 25 13 30 26 29 9 7 11 12 10 9 14 18 4
11 16 13 14 5 6 15 12 9 4 10 7 8
8 11 10 8 21 26 13 14 4 5 12 6 14 24 8 16 14 7 5 12 9 7 5
8 9 8 5 6 15 8 7 5 4 4 12 10
11 11 33 10 28 42 13 11 7 25 52 14 55 17 21 35 54 49 48 46 56 12 10 27 15 53 9 18 11 18 36 24 33 11 24 38 5 24 58 5 20 20 4 34 8 20 45 6 47 19 16 57 26 23 30 15
19 10 5 6 14 13 7 4 15 18 16 12 9 11 16 8
9 14 10 5 9 13 8 6 4 7 12
9 15 4 19 10 6 17 21 22 18 7 5 13 11 14 8 20 12 23 5
9 6 20 23 7 13 4 5 12 16 22 5 21 11 19 17 18 14 8 15
5 5 29 9 5 24 17 20 7 20 5 10 14 10 13 25 11 11 18 24 19 14 8 22 4 14 8
6 32 26 9 4 6 10 10 10 9 6 10 14 20 14 27 28 7 31 8 34 21 35 33 12 16 19 25 12 18 22 4
7 5 8 4 11 7 6 10 13 12
13 13 12 13 21 27 9 6 5 17 4 20 8 13 15 13 6 9 26 6 7 9 29 23 25 13
13 8 5 16 9 7 10 4 14 6 10 11 9 12
8 9 15 7 16 6 5 6 10 17 12 13 11 4
4 4 5 9 7 10 8 6
8 10 5 11 9 4 7 6
5 5 5 13 8 5 4 9 7 6 10
5 16 12 4 11 18 12 7 9 8 10 17 8 6 14 12
18 8 16 6 5 7 12 4 17 15 13 14 9 10 11
12 11 7 6 10 5 6 4 7
11 12 5 6 9 4 8 7 10
25 10 6 11 9 7 8 4 9 5 22 9 18 26 14 13 15 16 21 27 17 19 24 4
4 9 21 15 10 5 8 9 15 24 14 19 7 12 17 23 6 16 22 20 13 25
17 19 20 16 4 13 7 5 9 14 21 12 18 15 24 11 23 8 10 22 6
7 10 13 17 6 4 14 9 12 8 15 5 13 11
10 17 9 7 12 8 4 16 14 15 18 11 6 5 13
11 8 15 7 8 19 6 14 5 10 8 13 4 7 22 9 22 23 7 16 24 4 27 7
8 7 4 10 6 9 5
5 5 5 23 15 8 14 9 14 17 12 5 13 11 24 5 19 8 4 18 7
30 7 25 28 6 18 5 23 17 27 9 10 16 15 10 7 13 8 17 21 33 34 26 20 14 17 31 11 17 29 4
7 10 5 22 32 26 4 31 8 14 37 5 23 15 36 12 28 33 11 19 6 13 22 25 22 17 17 32 26 8 16 29 20 24
4 20 11 14 15 16 7 13 6 10 19 9 17 12 10 8 5
13 8 8 23 36 35 25 22 10 16 11 4 30 21 4 12 17 6 10 30 31 27 5 20 19 9 20 10 10 21 7 26 28
6 5 4 8 12 7 9 4 10
9 17 11 6 21 17 7 14 5 4 9 12 15 5 8 7 5 4 23 7
5 10 10 13 49 5 37 35 5 41 44 22 17 36 34 46 11 22 39 11 32 9 5 8 13 10 41 56 18 7 31 13 61 6 10 8 6 10 8 23 40 39 10 14 54 4 29 16 21 5 14 20 24 45 62 47 10 8 6
10 9 4 8 7 6 5
4 4 5 7 11 8 10 4
16 7 28 7 21 35 32 5 4 6 27 5 4 6 11 23 22 20 31 5 5 24 8 18 12 34 11 19 6 11 21 11
9 14 10 14 9 18 5 6 11 26 21 11 36 35 22 42 4 31 11 5 7 27 24 12 34 13 13 25 20 5 22 38 8 19 41 40 28 11 13
4 11 18 12 5 8 5 7 13 14 15 10 6 16 4
9 4 6 15 19 8 7 16 12 18 17 5 14 5 12 13 10 21 10
4 8 14 15 21 20 6 5 4 5 7 17 16 4 6 19 12 7 11
18 20 10 22 6 13 10 4 19 7 5 11 8 21 14 17 15 16 9
7 44 49 5 10 53 45 9 5 30 9 51 35 39 12 4 15 10 12 41 22 12 4 9 15 9 25 6 19 9 39 5 48 43 47 13 14 31 26 16 54 34 46 20 9 10 33 18 10 23 24
16 8 6 14 22 26 13 13 5 5 10 30 28 23 11 4 18 29 5 10 20 12 5 27 9 17 24
11 9 29 11 4 32 4 16 17 16 4 8 18 27 5 20 4 8 12 7 14 4 8 24 23 26 15 22 13
16 9 12 4 5 6 7 18 20 13 8 9 12 21 10 15 19 4 17 14
11 6 5 11 10 7 9 4 8
15 10 17 6 21 13 6 9 11 14 18 5 7 18 4 8 12 16 18
5 5 12 5 17 21 7 9 14 10 5 9 15 4 5 19 19 5 24 8 20
29 16 18 22 11 14 5 12 12 18 17 5 15 8 18 24 9 15 18 5 6 4 28 16 20 7 15 8 12
4 12 7 13 24 14 20 22 8 17 7 19 6 7 23 4 10 8 11 6 16
11 10 5 9 6 8 4 7 14 12 13 15
4 8 10 12 4 9 5 7 6
8 8 11 19 20 8 16 17 5 8 14 7 10 6 5 6 21 4
15 35 17 21 5 6 28 7 7 8 36 11 36 25 4 41 7 27 24 23 19 10 22 26 13 42 12 14 9 18 16 30 37 15 38 10 19 32 18
6 4 14 6 6 8 9 7 11 15 12 13 5
15 6 13 14 12 11 10 5 9 4 8 16 7
14 47 10 38 6 43 33 51 10 17 5 21 31 44 23 12 11 25 27 10 33 31 35 8 25 12 20 34 52 7 8 32 24 36 15 30 4 6 29 9 40 13 22 14 47 15 10 15 18 26
7 12 6 8 4 10 11 5 8
4 4 10 9 8 22 12 6 4 7 16 18 16 13 19 6 6 14 5
13 15 6 13 11 14 17 5 22 18 8 5 4 5 8 26 19 20 28 31 9 18 4 37 21 25 18 4 35 22 19 36 32 12
29 22 10 40 23 26 6 14 10 20 39 42 25 16 18 12 24 49 19 4 16 21 28 21 12 38 8 33 7 44 46 4 12 10 21 37 27 10 6 26 5 34 4 12 9 8
8 40 30 30 29 8 26 7 50 16 48 10 6 17 34 28 45 15 26 7 4 13 12 38 26 7 9 4 13 39 10 16 4 27 6 17 4 5 42 34 8 19 23 28 15 51 4 19 18
16 10 27 26 8 18 37 8 8 9 16 8 19 35 19 21 17 18 20 9 31 5 4 12 6 14 32 11 6 23 7 8 18 38 39 18
14 4 12 13 5 11 7 9 4 15 5 10 6 11
11 12 15 7 14 4 4 14 9 4 13 16 19 21 20 10 9 8 18 5
13 7 13 6 17 27 21 19 4 5 9 10 12 18 6 8 22 20 24 7 11 14 14 16
10 8 6 7 4 11 14 12 9 6 5
18 27 17 10 11 7 25 6 15 19 6 12 13 23 8 22 26 16 15 9 20 24 4 5
39 33 28 6 10 4 21 24 34 12 5 22 20 26 23 24 7 5 40 17 9 10 5 25 8 7 5 11 32 5 5 25 29 16 37 18 15
7 12 12 13 12 7 27 9 16 6 8 4 18 22 7 12 20 12 24 17 15 22 5 14 12
23 9 24 4 11 19 28 13 12 21 29 8 27 22 5 17 25 32 20 7 16 18 14 6 10 30 31 15 33 26
21 23 4 5 21 4 6 5 6 40 27 8 5 7 27 27 5 35 8 8 5 41 14 8 29 5 18 33 4 30 22 20 17 37 38 13 42 10 19
7 11 10 5 16 19 9 8 4 18 17 7 11 7 11 6 9 10
5 5 4 4 5 19 21 6 7 6 13 6 17 15 10 6 5 23 11 6
14 19 25 16 28 17 4 21 26 15 9 6 8 10 22 18 15 23 29 7 12 30 13 24 11 5 7
14 4 14 12 9 4 19 10 13 7 12 19 5 14 6 18 13 7 6 5 8
5 5 4 6 9 10 31 4 12 27 9 14 26 31 4 12 13 11 14 6 6 29 7 15 33 36 7 34 18 35 19 38 30 37 6 6
16 23 5 11 6 16 17 10 12 13 13 4 13 20 14 13 4 8 7 10 10
17 5 4 18 9 16 8 19 7 14 6 11 15 10 12 13
25 46 28 37 13 38 53 34 7 51 50 41 15 4 57 49 55 14 29 23 12 19 33 19 24 10 19 10 21 19 12 8 6 18 9 16 5 44 57 12 56 5 32 31 48 6 8 25 42 40 25 26 17 36 18 9
9 14 13 48 25 12 23 7 5 7 12 11 13 8 4 25 28 28 5 19 20 12 18 6 11 17 12 37 24 31 18 15 39 16 45 25 12 7 5 11 25 10 47 35 27
6 11 14 6 20 9 13 10 4 15 18 19 12 5 6 7 10
4 9 6 12 10 11 13 7 4 9 5 16 15 8 13
44 16 25 19 23 8 35 47 4 9 5 31 5 18 29 15 18 33 34 6 11 36 6 28 11 27 34 6 11 26 41 7 32 13 30 20 12 40 45 21 39 22 43 17
8 8 8 4 5 8 15 8 7 6 9 12 11
9 8 6 13 15 4 6 14 16 5 7 4 7
14 23 23 14 18 26 29 8 10 22 24 9 32 6 4 7 17 22 13 20 16 9 5 14 21 31 35 28 11 30 6 9
12 10 6 9 5 14 8 7 13 4 11
7 7 7 30 7 24 11 12 13 27 4 29 8 10 17 5 16 23 6 31 9 25 21 22 20 14 15 9
21 12 15 9 20 5 16 4 17 11 6 5 10 8 7 7 5 7 19
14 12 13 9 5 6 8 7 11 9 4
8 21 6 6 12 20 5 4 9 19 11 5 4 14 13 15 8 22 10
5 4 17 15 6 19 10 14 5 14 6 8 20 5 18 10 7 6 16
5 13 5 9 9 12 4 11 6 6 14 7 15
5 5 5 10 7 9 4 12 7
8 5 21 8 5 17 4 16 13 6 11 14 5 20 20 5 7 18 5 11 12
6 6 6 6 6 46 6 19 25 12 31 41 16 11 20 53 40 5 35 19 25 6 8 36 28 29 14 32 6 8 10 16 31 6 45 11 9 18 13 38 26 18 45 15 23 4 47 6 43 15
7 10 25 12 5 22 7 17 6 8 21 9 4 11 7 19 8 23 11 20 7 15
10 6 20 22 13 8 7 15 7 5 13 6 13 24 4 9 14 18 25 11 4 8 15
12 5 8 8 18 13 21 10 16 11 9 20 15 6 7 4 14 19
8 5 7 15 12 4 9 10 11 6 7 13 16
6 11 5 8 5 6 4 9 21 5 9 5 11 12 5 8 19 7
4 12 12 12 21 10 22 9 43 38 44 20 48 27 44 47 7 44 22 7 5 11 33 11 5 34 13 10 29 50 12 10 25 44 10 28 14 18 25 35 23 27 23 23 37 8 36 16
20 11 29 6 7 31 12 7 7 8 20 7 21 22 21 13 16 20 14 6 24 28 23 4 18 34 9 5 10 15 12
5 7 4 10 7 7 19 20 6 9 8 6 4 16 6 18 13 9
16 13 13 19 23 29 10 4 8 16 8 9 28 13 8 4 5 18 6 16 27 4 14 12 7 15 18 6
20 5 5 15 8 17 6 9 12 11 9 4 16 25 11 24 10 8 10 18 11 14
6 17 7 20 11 6 7 15 6 26 18 10 18 16 7 4 22 31 8 28 12 32 10 30 25 4 21 19 5 4 34 24 27
5 5 8 13 14 10 10 5 15 7 6 9 4
6 6 16 11 5 23 15 6 25 16 9 12 21 17 11 4 22 6 7 26 10 28 11 16 25 16 18 14 19
8 6 20 22 10 23 18 9 16 7 17 5 14 19 13 21 11 6 12 4
7 7 15 10 12 4 6 16 10 7 15 18 4 5 22 11 9 5 13 14
7 11 7 10 9 14 5 5 13 11 4 9
19 12 4 17 23 18 10 9 8 8 20 16 7 11 8 22 5 13 21 6
16 11 8 8 12 4 20 19 17 15 9 7 8 6 10 5 11
41 26 21 18 8 13 42 8 26 48 60 49 11 28 5 7 6 11 36 12 24 4 37 47 48 57 4 33 15 5 8 67 25 45 22 19 46 7 30 11 13 42 8 13 39 43 53 23 56 16 12 24 52 10 11 4 16 42 8 65 61 4 6 38 12 24 4
24 7 31 29 28 13 8 20 33 26 10 4 12 4 24 22 5 7 6 13 13 8 13 28 4 35 4 14 11 16 9 11 7 18
29 23 24 16 10 28 7 30 4 14 26 13 27 9 21 17 5 15 22 20 25 12 6 19 18 8 11
5 7 10 8 4 11 8 10 6
12 4 12 15 8 13 10 5 14 16 11 6 7 13 13 9
11 4 5 10 6 8 7 9
11 17 18 25 4 10 20 5 7 14 21 16 15 13 22 6 9 19 12 14 6 8
21 15 8 23 13 18 19 12 4 7 18 26 12 4 8 5 24 6 20 11 16 9 10
30 11 45 12 17 4 38 8 9 42 7 34 8 8 51 21 48 43 11 18 7 43 29 26 28 13 8 50 44 11 24 38 12 17 8 37 33 8 5 21 39 47 41 53 35 20 6 8 26 11
4 7 8 4 10 9 4
8 22 7 11 13 14 11 16 10 12 15 6 5 15 21 9 4 17 15
23 30 12 4 14 33 26 8 13 27 31 23 16 21 19 11 7 15 20 6 18 16 32 22 5 7 17 9 10 24
14 6 8 13 4 17 12 10 7 19 11 16 17 15 9 4 6
4 14 6 7 12 5 9 13 6 7 13 13 5 8 4
17 19 10 9 12 9 11 7 32 20 33 23 5 10 5 7 15 15 22 5 7 15 4 13 6 34 21 6 6 7 11 6 31 5
10 9 7 10 25 30 25 18 4 5 15 18 27 11 21 6 10 19 28 14 35 32 24 22 17 33 16 36 26 13 12 8 20
8 5 17 13 16 9 6 14 10 10 15 12 20 19 7 4 11
9 17 6 9 24 4 5 15 16 11 9 20 21 12 6 11 16 13 4 7 9 24 16 26 19 14 10 23 7
6 24 17 19 9 8 4 6 21 8 4 8 4 5 11 8 18 8 18 5 16 7 23 6 12 12 11
7 4 7 26 4 12 8 7 24 10 19 4 6 21 22 13 23 15 20 17 14 16 9
6 4 9 7 5 5 10
18 4 8 6 22 6 14 20 13 5 6 6 13 6 23 9 5 7 19 6 15 4 27 25
10 6 4 5 13 6 6 18 14 5 14 6 12 5 6 7
10 9 18 7 12 4 10 5 17 7 8 5 8 11 6 12
12 9 25 19 9 13 11 13 8 23 20 33 32 39 30 31 4 13 15 6 30 31 39 37 35 21 44 40 31 36 42 14 28 27 19 18 16 5 5 14 7 7 43 22
11 12 4 14 18 8 15 16 20 5 7 7 4 13 4 6 8
10 13 14 4 10 8 9 4 5 4 12 6
5 5 4 6 5 4 10 5 6 9
6 4 10 14 4 6 11 7 5 15 16 12 13
9 5 6 14 18 26 11 6 14 7 6 7 20 14 11 4 8 6 10 6 12 6 19
13 30 32 21 10 5 11 7 21 5 11 9 40 27 14 28 28 17 8 39 8 20 19 7 43 8 15 35 8 42 4 11 44 16 6 15 21 38 23 30 37 18
8 5 6 8 7 9 4
10 21 17 10 14 9 12 18 8 17 5 6 15 13 27 16 19 25 4 7 28 11 23 18 24
6 4 11 7 5 14 9 12 10 8 15 13
4 8 5 9 14 6 11 11 13 11 13 18 7 15 18 20 5 5
9 7 20 11 26 22 21 4 17 29 19 31 18 28 6 15 6 12 6 16 23 25 13 5 24 19 30 10
6 4 12 5 8 5 11 7 9
11 9 4 5 10 6 12 8 4
7 14 13 10 11 8 12 4 6 9 5
9 11 19 4 21 14 32 28 21 23 5 14 6 32 23 5 12 15 17 13 34 10 17 16 16 11 35 27 7 20 24 14 25 8
15 10 12 4 5 14 6 13 9 8 11 7
31 44 45 6 21 14 13 12 33 49 4 24 8 24 6 22 17 29 6 42 57 10 26 21 17 10 12 21 5 10 14 13 14 20 48 9 38 20 28 54 16 11 11 17 40 4 51 49 17 18 51 51 36 18 19 43
30 13 30 30 9 39 9 12 25 7 21 16 15 41 5 47 49 60 11 10 25 7 30 13 4 54 50 25 7 8 30 12 22 59 21 56 30 12 35 14 47 9 12 28 23 6 9 13 35 27 55 10 51 9 13 35 40
10 9 8 4 6 5 10 7
4 4 4 6 5 13 11 8 5 12 4
8 5 19 4 10 32 5 21 14 9 23 20 12 33 22 29 24 31 16 34 11 30 18 17 6 27 11 7 28 15 25
9 13 12 10 18 15 5 4 9 16 14 7 8 17 4
4 10 17 14 4 10 6 4 11 9 4 4 6 15 7 9 20 13
7 27 18 22 4 19 16 20 5 25 26 24 8 31 29 8 30 23 15 11 12 6 14 13 17 28 21 9 12
16 7 16 7 5 27 23 5 7 5 4 26 6 19 20 32 10 29 5 5 9 5 24 13 15 18 30 25 5
7 11 4 5 15 5 8 12 6 7 6 12 9 8
38 10 40 9 36 12 21 45 23 33 13 23 44 20 17 29 12 29 5 27 48 28 8 30 34 12 11 37 17 46 25 14 4 31 32 19 49 16 41 18 39 50 47 6 42 35 7 43 51 17
5 11 12 4 8 5 6 10 9
6 10 8 7 7 4 5
8 10 11 16 5 4 5 9 10 7 12 17 13 15
4 4 31 34 8 6 28 4 39 37 14 18 36 33 9 20 30 7 4 39 18 24 20 10 9 16 23 44 26 15 30 22 11 5 29 42 34 21 43 13 13 5 4 5 4 38 46 45
21 22 19 7 8 17 7 11 20 14 9 5 13 18 12 6 4 15 9
12 9 5 21 4 17 6 14 11 7 4 4 5 4 5 6 11 7
10 17 18 38 5 24 14 36 27 26 31 11 33 13 8 21 26 4 10 24 18 15 15 25 5 10 6 32 5 26 20 22 23 12 4
23 31 7 23 8 26 6 19 6 20 14 18 28 10 27 10 32 8 15 5 11 21 17 4 22 23 11 16 13
12 12 9 5 7 11 13 4 4 8 6
20 22 13 24 26 19 5 10 9 13 12 16 17 23 15 4 8 7 25 27 7 6 11 14
4 49 6 17 36 22 10 6 31 16 6 8 23 51 41 25 34 25 7 13 9 7 12 39 20 47 19 20 24 26 27 18 32 26 14 38 37 35 15 21 15 50 45 46 30 5 40 11
6 7 8 4 5
7 6 28 10 23 11 10 14 9 9 9 22 6 12 17 12 29 8 4 26 20 24 12 33 4 15 18 32 16 30
9 5 5 8 13 17 4 19 18 7 15 6 11 10 14 5
13 6 15 4 16 4 12 7 11 10 8 5 14
8 4 5 9 7 5 10
33 4 58 52 45 33 45 63 72 7 10 19 30 7 29 12 38 10 24 16 31 8 33 36 15 5 71 75 18 9 23 12 5 21 19 38 37 20 26 35 23 64 19 17 6 50 73 39 68 56 65 55 16 46 67 41 49 13 34 10 48 7 17 44 47 76 28 41 32 74 27 60 22
5 8 6 12 8 13 7 21 14 6 16 20 4 14 14 12 8 6
6 4 5 9 7 12 7 10 11
8 12 13 8 15 4 8 5 6 7 10 14
9 5 14 15 4 8 6 7 9 4 5 9 13 17
16 5 12 19 6 10 11 17 12 8 9 14 4 7 8 8
17 8 33 7 10 6 25 29 24 12 4 39 13 21 35 31 14 26 44 22 32 5 4 47 20 5 16 28 7 8 34 23 8 8 17 8 17 38 41 20 15 8 43 7
5 5 6 8 9 7 4 13 7 9 12
7 7 7 11 8 14 5 4 7 8 18 6 9 12 11
14 4 7 9 11 10 5 6 12 11 8 13
4 7 20 12 9 6 15 19 26 16 18 18 17 23 25 10 8 14 11 22 5 4 19
22 16 10 7 15 6 4 20 19 9 5 12 11 21 6 14 18 4 16
33 32 28 34 24 8 30 13 10 11 17 7 12 5 37 43 14 20 4 9 21 31 11 17 13 28 13 13 31 11 21 27 42 19 6 41 23 22 31 39 40 36
10 13 11 8 4 5 14 12 6 9 7
18 12 5 7 8 6 8 16 15 10 14 13 14 9 4
5 18 24 6 17 5 17 11 11 6 8 11 14 9 12 13 7 8 27 22 10 29 16 15 21 28 4 26 21 25 11
5 17 10 6 7 16 26 20 12 15 25 23 22 29 12 14 27 11 18 4 9 13 7 19 20 28
9 10 5 12 4 7 8 11 5 6
20 4 15 7 10 16 10 4 10 7 7 8 9 13 6 4 18 5 19
21 4 9 7 13 7 10 17 7 6 5 15 7 8 12 13 8 13 16
14 14 12 6 5 21 9 25 4 13 18 7 23 15 14 26 17 24 10 19 22 5 8
5 10 19 11 16 14 17 4 13 8 5 18 15 9 5 6
25 6 26 7 33 18 12 11 17 16 22 23 29 19 32 27 31 14 12 24 5 10 28 16 8 30 7 4 9 15
6 4 9 7 10 7 5
4 9 4 11 6 5 10 13 8 12 14 12 13
17 6 6 4 10 9 27 11 19 15 9 20 21 7 25 10 22 18 12 26 13 24 8 5
10 5 6 8 9 10 13 4 12 18 11 19 16 10 12 19 11 11 7
23 8 7 8 11 21 7 12 6 25 4 6 13 5 31 4 6 15 22 22 16 28 30 14 24 20 17 9
4 8 5 5 7
22 13 4 6 11 16 10 16 8 10 21 21 18 5 23 8 14 7 13 25 12 14 8 20
14 20 18 8 15 10 16 19 4 4 12 17 11 6 5 7 13
55 50 20 28 41 14 34 8 40 22 7 6 9 62 33 6 46 6 14 13 58 10 34 19 19 11 16 12 16 59 35 24 27 15 45 8 16 43 29 6 37 31 21 23 4 48 61 18 4 4 5 21 26 17 34 8 52 9 49 6 31
6 12 13 4 7 5 8 4 11 9
21 10 9 5 15 24 12 11 8 19 23 16 25 4 27 18 22 14 6 26 13 15 20 7
8 19 14 10 23 24 7 15 21 14 10 21 8 12 8 7 4 5 6 4 13
14 9 8 23 7 13 16 13 7 4 6 15 22 7 21 17 5 11 12 18
10 8 4 9 7 5 6
34 42 36 14 41 23 33 38 24 10 7 40 13 28 9 32 4 23 7 29 16 32 21 31 25 39 17 16 5 27 44 8 6 47 46 43 26 35 11 8 15 18 15 18 12 30
12 11 11 10 18 19 14 9 4 6 13 8 5 6 14 12 10 7 20 16
5 11 4 12 4 6 14 8 8 16 13 17 21 9 20 5 19 6
17 22 6 36 21 17 10 21 15 31 19 8 8 5 10 9 25 4 11 13 14 18 19 20 15 4 28 26 30 4 33 26 29
7 9 8 5 9 8 6 4
9 19 13 18 16 7 10 6 11 8 5 15 4 12 8 10 16
4 19 26 23 4 19 5 28 5 13 35 22 33 8 29 7 31 15 21 5 18 25 32 10 4 19 7 8 6 11 14 7 24
21 8 27 13 31 11 8 9 9 30 32 11 11 11 6 27 20 9 6 15 11 4 10 4 23 22 7 17 14 25
16 6 14 8 10 11 12 8 13 5 7 4 15 9
20 10 11 11 12 24 4 23 13 22 9 13 10 20 7 16 6 15 26 8 27 17 5 7 14
13 7 48 32 7 13 12 16 9 7 22 18 19 20 13 19 5 20 40 18 16 20 13 12 44 17 27 34 37 41 14 21 13 10 24 30 20 13 11 33 4 7 13 50 52 42 26 29 6
10 6 5 4 12 8 9 7 11
6 14 15 13 7 10 5 4 11 12 12 8 9
18 10 14 28 29 22 23 23 26 16 42 21 6 17 38 36 8 27 40 24 5 32 39 11 22 4 34 31 12 13 7 30 15 24 33 8 5 37 20 25
11 5 14 8 12 15 10 6 20 15 9 19 7 4 14 13 4
11 5 8 4 16 9 7 6 13 21 18 10 4 14 13 17 12 14
5 5 4 4 13 30 13 30 8 15 45 7 7 5 48 10 52 10 18 54 10 18 5 6 18 10 18 5 41 5 16 33 24 41 41 22 5 16 16 27 11 7 17 27 11 26 27 5 55 9 12 39
6 5 7 9 11 13 8 4 8 10 5 4 16 15
21 21 56 10 33 19 23 11 11 39 15 44 7 17 8 60 19 35 19 30 7 53 26 49 41 18 29 4 11 33 39 31 20 23 23 19 15 47 25 12 7 38 55 6 13 11 27 9 16 14 48 4 5 10 27 35 25
5 4 6 10 9 4 9 6 14 16 17 8 12 11
18 9 9 22 4 16 26 5 11 21 17 14 7 13 8 25 10 19 23 6 15 24 20
14 28 20 25 21 24 5 18 23 18 7 23 5 10 29 16 11 8 15 9 6 9 17 19 7 4
6 10 16 20 6 8 19 7 17 4 5 6 7 11 6 18 13 15
8 14 7 4 4 8 10 5 9 13 6
4 4 5 7 12 14 9 13 8 11 4 10 6
12 22 22 13 25 15 60 7 8 46 34 21 43 63 43 25 11 20 9 11 30 6 62 49 48 15 16 9 66 15 30 55 9 18 7 18 16 61 18 5 4 16 64 59 33 5 21 26 16 14 26 5 28 28 16 54 28 5 34 23 14 10 51
6 5 4 8 14 9 15 12 13 10 11 7
11 11 14 11 4 4 4 4 6 6 4 7 5 9 8
14 13 18 14 4 8 7 4 9 16 5 12 19 16 11 9 6 9 10
9 14 4 5 10 8 13 11 12 7 4 12
35 44 25 20 5 5 4 23 12 29 18 36 11 12 32 16 36 11 9 9 43 5 30 45 6 42 19 7 31 26 17 14 10 31 12 46 8 28 15 30 13 27 40
13 4 5 12 16 13 8 5 14 10 16 9 13 17 11 20 6 15 13 18
37 20 6 34 11 27 8 6 32 14 23 16 34 19 35 24 39 33 9 30 18 38 13 29 10 36 7 4 12 5 26 25 15 22 6 6 6
12 5 20 9 9 6 11 8 7 17 19 4 11 15 6 13 18
6 13 6 4 10 7 5 6 15 16 5 9 4
32 11 22 31 6 23 15 7 10 15 7 21 10 12 26 9 25 16 29 17 4 5 24 5 27 28 13 20 8 34 33
31 11 30 6 11 11 23 5 20 9 20 24 27 26 15 8 16 21 12 32 10 17 24 23 33 22 7 19 25 4 13
5 8 11 4 6 7 10 9
4 7 6 10 12 8 10 5 9
21 13 16 7 4 6 8 9 12 14 19 17 10 6 8 9 15 20 5 22
4 17 28 5 4 6 4 12 30 13 17 10 25 4 12 5 5 11 27 18 29 5 20 15 7 9 14 4
8 9 11 13 6 8 7 4 4 10 8 20 7 6 5 4 9 8 9
17 4 17 19 28 16 7 20 32 21 36 26 23 8 5 31 9 14 26 29 13 17 37 6 25 17 4 27 22 11 22 10 6 17
20 26 46 15 11 9 47 20 35 19 45 4 7 36 12 34 6 33 20 9 13 40 22 6 12 16 37 32 17 34 42 41 31 14 28 44 15 18 5 10 43 14 26 14 20 23 8 25
5 4 4 6
8 4 9 26 6 19 16 25 24 14 29 10 27 12 15 7 13 26 26 7 5 5 34 23 11 21 10 8 13 33 20
7 5 4 9 8 6
16 12 15 28 17 25 30 26 27 5 10 13 11 7 8 4 21 18 22 9 14 24 18 6 19 23 29
4 11 7 5 5 13 17 9 15 16 5 7 5 10
14 20 5 14 21 17 8 14 23 8 20 19 34 8 33 5 8 9 17 6 24 6 7 13 12 4 5 10 15 22 30
27 8 20 8 18 14 5 13 8 17 7 22 15 23 14 4 28 5 9 24 26 11 16 19 6
5 9 7 14 8 10 6 13 4 7 15 12
13 17 13 7 16 4 4 9 10 6 10 5 8 10 5
9 12 8 20 26 18 31 30 38 7 25 4 9 32 11 11 19 15 34 35 6 5 21 16 13 5 19 11 9 33 15 10 29 14 17
7 19 7 11 13 7 18 4 11 10 10 5 10 5 8 7 16 10 15 24 9 4 4
7 13 7 6 4 14 8 5 12 9 9 10 8
15 5 14 11 8 7 9 12 10 4 6 6
14 7 8 15 9 10 5 4 12 6 11 13
4 11 11 4 5 17 9 13 17 18 14 7 8 22 25 6 4 20 15 23 10 8
15 5 19 14 15 7 13 18 12 11 6 16 8 9 10 4
15 8 13 11 9 7 10 17 6 5 14 12 4 4 11
18 5 32 10 18 32 4 10 38 30 12 16 10 13 12 11 10 7 16 23 25 6 11 16 28 20 9 17 26 31 39 21 36 27 33 8
13 4 4 12 4 4 5 9 16 10 6 11 25 8 13 13 18 13 23 7 28 8 19 21 13
24 14 8 14 6 7 11 26 29 9 30 6 26 4 10 26 8 9 48 38 34 4 4 7 47 7 43 27 11 46 4 21 5 33 16 13 5 33 32 28 15 8 12 40 4 14
18 5 27 5 52 40 18 56 38 5 19 15 21 14 16 5 19 18 42 7 59 7 18 31 17 12 15 23 58 20 13 50 45 4 10 13 6 7 34 47 36 46 39 11 15 35 11 29 35 53 16 9 11 22 49 25
22 8 15 23 12 11 20 7 8 20 14 43 7 32 6 5 16 20 10 9 34 12 42 41 35 31 7 28 7 37 13 26 29 36 38 17 18 25 46 44 33 24 4
8 5 5 5 12 15 10 19 8 18 7 4 20 22 14 17 9 6 8 21
6 11 18 7 12 17 4 5 16 6 19 13 4 14 15 20 6
4 36 4 27 9 16 44 14 4 23 18 33 5 6 24 7 23 45 4 7 48 8 4 49 5 6 7 15 24 21 39 19 10 21 21 4 21 24 8 16 38 38 12 42 24 17 17
11 7 9 4 11 10 10 5 6 14 8 15 13 12 11
15 4 23 9 11 13 6 21 10 13 23 18 4 19 7 16 20 17 24 5 14 12
4 10 8 5 6 7 9
6 17 7 4 16 18 22 4 14 19 13 12 5 8 15 11 10 9 21
13 5 11 5 13 9 11 29 13 36 42 31 23 11 5 13 33 14 43 12 7 12 39 27 10 6 32 6 4 19 8 16 15 20 21 17 26 12 41 40
10 6 5 8 8 14 12 13 11 7 4
9 18 24 4 25 21 6 15 7 20 17 9 9 7 5 22 18 7 11 12 26 9 16
8 8 31 8 23 6 12 10 24 7 10 28 6 14 8 18 32 14 22 7 10 16 5 4 8 10 25 5 26
18 4 21 11 23 20 17 11 12 10 15 4 8 9 8 6 7 16 22 4 5
6 13 6 17 18 6 22 27 5 4 6 6 29 9 7 12 7 25 19 10 24 31 17 14 26 20 30 23 16 11
6 4 9 19 6 6 16 15 7 14 8 7 14 11 11 22 19 5 4 11
16 8 6 11 14 7 6 8 13 12 9 5 15 4
5 6 7 11 7 12 9 8 13 4
18 5 4 8 17 20 6 13 6 7 14 11 6 16 6 17 6 11
12 15 5 4 8 13 6 7 4 7 6 7
19 16 8 10 6 11 6 5 20 7 11 5 21 14 8 18 24 12 12 17 4 9
12 15 15 7 20 13 12 6 18 4 17 6 5 8 5 10 8 21 4
12 7 11 10 6 4 8 9 5
7 4 26 7 23 5 8 9 13 25 18 7 4 12 16 6 4 16 6 19 7 23 16 6 18
18 8 12 5 21 13 5 10 6 11 11 4 6 15 7 20 19 7
7 4 11 6 9 10 13 5 8 10 5
11 13 5 4 8 7 9 14 7 4 8 17 6 9
21 19 5 14 7 26 32 19 23 16 4 25 16 4 6 24 18 16 22 4 11 13 8 20 31 9 15 30 10
11 5 7 22 5 10 20 14 4 15 24 23 7 15 18 17 16 9 6 19 26 13 7
9 10 4 6 4 5 7 8
4 15 10 8 8 16 17 6 13 9 11 8 7 5
16 30 7 10 7 29 21 4 15 5 9 31 20 23 18 24 32 6 8 33 27 4 15 5 9 14 19 12 12 17
6 37 11 18 7 15 17 20 6 12 5 49 4 41 26 19 10 6 10 19 25 35 42 8 27 32 9 47 17 4 24 45 19 25 6 14 9 15 23 4 19 25 13 39 16 50 43
14 14 6 5 9 18 23 20 7 15 19 18 24 26 28 30 10 8 16 13 13 16 25 12 22 4 5 4
9 4 8 14 6 7 17 16 11 18 4 12 10 5 9
4 7 6 12 24 23 5 5 10 5 10 27 5 10 22 4 26 4 5 10 7 5 13 11
11 6 13 12 18 10 7 9 4 5 8 16 15 14 11 12
12 7 4 10 11 6 9 5 8 13
4 4 7 4 24 13 4 8 9 4 4 4 14 12 21 23 26 10 6 15 22 16 19 5
9 5 6 8 11 4 7 10
5 26 4 17 21 14 17 8 8 9 7 10 11 8 10 23 13 4 13 7 10 27 7 15 24
9 20 15 17 16 6 8 15 9 11 10 14 6 9 10 19 7 17 5 4
6 14 15 9 4 8 7 12 16 11 9 10 5
9 9 17 18 8 17 15 12 33 36 31 4 39 38 32 7 22 14 5 6 34 16 11 17 15 23 13 13 9 30 15 23 37 20 19 19
4 5 10 6 8 5 4
8 10 8 4 8 20 7 10 7 25 19 16 18 22 13 17 23 15 5 7 4 21
4 13 11 12 7 6 9 5 8 10
7 17 6 10 4 18 9 8 7 17 7 17 7 12 19 14 5 11
4 9 7 5 11 8 10 4 15 5 16 4 12
10 10 24 25 14 5 8 17 33 31 29 27 13 4 12 13 19 29 23 35 6 15 6 15 20 21 7 9 7 11 15 6
11 21 4 8 10 13 18 11 10 12 15 9 7 8 10 12 24 16 6 25 11 5
20 9 12 11 7 33 10 27 17 30 31 10 4 15 8 9 11 23 17 7 16 9 29 4 22 26 5 5 18 7
13 13 12 7 14 17 6 11 4 5 10 12 19 9 8 12
11 8 7 16 14 4 4 13 17 6 12 18 7 10 6
11 12 8 29 13 11 13 10 13 9 11 10 4 33 4 23 7 11 15 9 26 18 28 30 6 5 25 34 27 14 10
27 12 33 20 34 28 12 21 16 4 13 4 11 25 14 6 7 31 26 22 30 13 23 14 6 22 10 7 8 32 17
12 14 5 8 7 7 16 20 4 18 15 13 5 4 4 8 14 5
18 9 10 13 14 8 7 17 12 6 19 15 4 16 21 5 11 8 22
5 24 5 9 12 19 4 8 11 5 15 4 17 5 4 6 11 7 4 6 10
9 12 11 13 8 14 5 5 4 10 15 7
9 10 9 7 5 7 14 31 15 9 33 5 7 4 9 36 7 31 32 25 17 29 6 5 36 10 27 16 19 31 9 7 4 9 10 22 34 4
10 20 6 10 4 10 5 12 4 17 16 9 15 7 14 13 8 4
9 9 9 27 12 8 41 13 9 17 7 18 10 25 53 33 21 18 29 26 41 56 5 18 19 47 14 52 37 35 4 12 32 12 48 51 20 6 9 12 30 6 32 8 14 9 9 12 11 36 24 16 12 44 6
10 8 8 16 6 22 8 4 26 14 9 31 24 20 17 34 41 12 39 15 27 29 32 7 10 4 11 19 35 19 8 33 25 11 37 20 13 38
12 5 16 13 11 4 12 8 19 15 6 10 8 14 20 8 6 9 8 7
5 19 10 13 8 4 11 4 6 15 7 16 18 17 14 21 12 11 9 20
12 12 8 5 12 40 43 19 7 38 12 7 9 39 11 5 7 4 5 5 26 6 32 22 29 18 12 37 44 12 45 14 15 33 10 10 16 10 12 9 5 12
19 11 14 6 15 7 13 10 17 4 16 12 8 9 5 18
18 25 9 6 7 21 20 10 12 10 24 11 17 14 23 28 15 4 13 22 26 5 22 5 16
5 8 7 10 4 13 14 7 4 12 15 4
5 11 19 7 24 22 15 17 21 6 21 4 17 13 14 4 10 18 4 16 9
18 14 15 6 35 21 18 24 24 18 36 14 24 25 29 7 10 30 19 8 35 22 45 26 15 14 23 24 17 39 11 4 12 20 16 13 32 37 5 42 9 33
12 8 6 9 11 10 7 5 4
4 42 5 24 10 15 16 11 20 4 39 4 5 33 5 5 5 5 19 7 18 41 22 29 40 17 43 9 14 46 20 21 21 6 16 20 20 12 33 16 13 10 15
7 9 12 5 11 7 17 5 4 13 16 6 10 15 18
16 5 14 13 11 4 12 12 6 4 19 7 6 8 9 11
6 4 4 7 11 13 6 16 5 18 6 9 12 6 19 17
5 11 18 14 17 8 12 5 15 10 5 4 13 14 9 4
8 5 11 6 7 9 24 31 18 20 6 7 9 6 10 25 4 23 12 4 15 27 21 26 19 9 16 17
19 4 10 4 22 20 12 23 10 5 34 28 23 8 29 17 35 6 21 9 6 19 27 17 16 30 33 36 15 11 8 13 6
8 9 10 6 13 5 16 6 12 11 15 16 4 6
4 5 4 7 11 4 9 8
25 41 25 40 4 18 7 32 35 33 30 7 37 30 38 10 43 9 17 14 19 26 42 9 21 15 22 13 5 13 11 8 6 24 4 9 16 12 36 15
5 16 6 18 8 15 10 14 22 17 11 10 12 23 8 9 13 13 4 7
8 8 8 29 4 23 33 9 13 47 26 25 40 27 39 33 33 13 42 10 5 4 21 6 12 22 9 23 18 35 8 10 7 14 10 38 37 9 7 16 31 23 19 36 24
9 4 17 7 12 11 19 6 16 18 14 9 8 6 21 15 5 12
8 7 9 6 4 5 6
4 16 5 10 12 6 21 20 7 13 11 19 6 8 18 9 22 17 14
5 13 10 9 17 18 16 11 12 20 21 7 15 14 12 6 8 4
13 14 20 4 17 8 4 7 10 9 8 16 5 18 15 6 11
26 7 15 4 27 17 21 25 17 18 28 4 13 11 27 5 17 30 21 19 17 6 15 20 8 14 4 8 15 4 16
10 10 7 25 10 12 14 4 23 14 10 12 4 5 13 4 18 17 13 10 5 5 14 20 5 12
13 8 6 6 14 11 9 14 10 5 6 4
8 20 9 4 17 6 12 5 9 5 5 8 9 5 10 10 10 9
6 4 6 24 6 6 27 21 19 23 26 25 11 8 6 4 16 28 12 17 15 10 9 5 6
14 21 5 6 8 19 12 4 16 15 9 8 10 13 20 7 11 14 18
16 21 8 14 10 18 6 7 11 10 13 7 4 22 5 20 12 19 9
11 14 8 29 21 13 24 29 13 7 14 28 35 24 25 10 7 6 5 16 4 17 26 19 12 31 10 9 7 10 20 11
4 22 26 38 31 5 17 4 43 41 19 18 7 13 10 42 35 37 8 32 9 39 20 34 14 24 25 17 33 27 4 12 40 20 26 15 36 20 6 11
13 19 11 7 22 25 8 8 16 4 14 10 23 21 23 17 8 9 6 5 20 12 18
5 14 8 13 17 5 11 15 10 7 18 9 12 11 4
11 14 14 6 15 13 21 7 13 25 5 19 4 24 18 9 11 10 22 12 8 4
16 23 27 16 6 17 25 12 29 14 4 34 31 11 15 4 13 14 32 9 4 30 19 28 17 10 5 22 33 7 4
4 5 9 10 7 8 6
10 9 6 7 11 4 5 8
5 9 6 6 11 12 4 7 10 14 13 17 5 15 19 18 5
15 10 4 16 17 14 5 6 8 7 13 12 9 11
22 12 5 16 6 15 6 6 19 8 9 7 16 16 15 20 13 18 6 11 4 6
7 12 7 5 4 10 5 11 16 18 6 9 4 13 6 21 7 18
17 11 5 4 15 6 6 8 7 9 16 11 12 10
14 17 16 8 15 12 7 6 4 21 17 16 11 23 22 5 13 10 9 5 13 14
10 8 15 19 11 26 16 14 4 21 5 4 20 18 23 5 24 25 9 7 22 12 4
5 6 10 4 9 8 7 11
14 12 11 18 5 4 10 8 13 9 16 22 7 5 6 5 6 19 6
4 6 5 8 7
21 13 16 7 9 16 19 5 9 8 7 9 6 4 20 17 11 8 5 9 11 11 18
9 4 5 5 13 7 15 6 5 7 17 12 4 11 10 18
10 25 11 40 6 13 5 25 8 19 7 24 18 29 15 5 5 8 30 13 21 6 12 27 31 9 10 13 36 42 10 16 4 14 34 13 17 26 25 4 14 38 16 44 33 45
16 5 16 11 23 5 13 6 4 18 7 21 9 9 15 22 20 14 8 10
7 8 15 12 10 6 5 11 18 16 19 8 8 4 11 21 22 11 14
9 4 5 6 8 7 13 8 7 12
8 11 5 4 6 7 10 9
37 8 62 8 37 10 55 10 12 32 25 24 16 11 30 6 35 8 61 6 57 10 25 35 8 29 31 40 21 19 20 48 14 18 52 8 5 34 53 30 8 21 8 10 10 13 27 4 41 6 56 22 37 50 42 13 8 8 32 27 7 27
10 9 11 5 7 8 12 4 6
6 8 21 18 10 9 17 7 5 8 16 19 6 13 8 12 4 9 14
6 7 4 5
4 6 6 22 4 7 16 12 5 25 16 12 26 4 16 19 9 9 17 23 24 17 20 14 10 29 4
9 13 5 10 14 12 8 15 11 4 6 7
5 16 4 10 9 13 12 4 21 19 4 18 14 7 10 15 6 8
17 4 8 5 20 10 10 6 19 9 23 18 8 7 11 14 21 25 16 15 9 5
9 7 13 5 5 15 6 8 11 4 14 12
14 15 14 5 4 6 11 4 11 5 11 7 9
10 13 5 8 11 9 12 6 7 4
6 33 23 15 64 16 10 7 33 5 25 11 9 32 59 30 29 54 47 20 35 63 14 15 53 26 13 31 40 6 21 23 44 6 21 43 7 21 6 33 34 38 6 21 61 38 16 48 22 28 4 48 55 45 65 24 46 8 18 17 12 62
12 6 10 7 4 8 5 15 16 11 5 8 13
7 12 7 9 10 7 4 8 14 6 5
5 4 10 8 6 4 7
9 21 11 19 28 16 20 14 29 43 4 36 32 15 41 40 23 5 17 16 24 34 6 16 12 7 27 6 31 6 21 21 6 27 26 6 22 33 21 45 13 10
8 13 15 18 16 12 9 13 10 11 7 17 4 6 5
15 26 11 23 35 5 11 35 5 12 10 10 6 21 11 18 24 16 4 25 30 8 6 22 5 16 7 34 33 16 28 30 20
18 25 24 6 4 17 31 26 5 15 11 14 11 10 7 22 8 13 8 33 23 32 16 20 9 28 30 29 12 19
12 13 7 10 8 5 8 4 11 6
11 12 9 9 8 5 4 5 13 6 7
15 7 10 5 5 8 20 12 12 6 7 17 14 11 13 22 4 8 9 21
12 16 11 10 5 7 7 15 4 13 6 9 8
6 7 9 11 14 10 5 4 12 9 11 13 8
8 10 15 20 15 6 24 6 11 5 13 4 23 25 12 19 14 18 22 8 9 10
10 22 27 25 9 19 23 8 8 7 6 12 20 26 16 4 7 21 5 17 13 24 15 18 28
9 9 6 16 6 14 5 8 7 13 6 4 9
8 11 9 7 9 8 27 6 23 26 17 22 20 13 12 29 6 19 25 4 5 6 15 31 21 14 28 30
7 15 14 11 13 4 5 8 12 6 5 8
13 13 12 8 10 19 15 11 20 6 9 14 4 7 15 10 5
10 11 6 5 8 4 9 6 8
8 6 5 7 4
11 6 7 4 8 5 5 6
8 11 20 7 7 7 12 17 5 16 15 13 5 4 10 7 4 5 6
18 22 5 7 17 9 9 9 7 18 9 32 19 12 15 6 31 27 4 29 33 10 8 26 23 20 24 25 14 17
9 10 11 7 4 5 8 6 12
32 16 25 17 19 4 4 17 18 19 4 26 34 9 33 11 19 5 25 20 8 13 7 12 22 21 6 12 15 4 29
18 19 17 6 11 15 4 9 7 10 12 9 6 13 8 5 21 22 14
9 5 8 7 6 4 10 12 11 13 14
38 15 5 24 28 39 41 12 16 5 53 40 55 5 47 12 16 54 23 51 6 5 4 5 11 14 9 19 37 5 7 12 7 12 42 5 22 5 7 8 13 10 45 46 15 5 26 50 11 12 5 7
9 13 5 14 11 18 6 12 8 10 4 19 17 16 7 15
4 6 9 5 10 7 8
6 13 9 7 4 17 8 4 5 8 4 6 15 9 7 4
10 18 21 23 15 8 4 21 9 6 19 29 27 5 7 26 13 11 14 18 9 6 22 10 18 12
13 40 13 13 19 13 24 30 6 4 5 52 47 29 10 27 32 7 8 30 13 14 23 9 24 36 28 40 51 25 6 35 13 17 37 29 13 42 46 18 40 17 11 27 7 15 13 17 12
6 16 5 14 8 11 9 8 12 15 13 7 4
23 7 27 13 25 22 17 5 20 28 4 21 19 9 8 5 5 10 11 18 16 26 12 14 15
6 15 5 10 10 9 14 12 13 4 7 18 15 5 11 16
26 22 12 30 31 13 21 5 5 15 25 8 10 27 6 23 28 24 11 16 16 6 18 9 14 19 4 7
4 6 7 9 5 6 10
6 7 16 9 6 13 6 4 5 6 12 17 8 15 19 10
6 5 14 12 13 4 6 10 9 8 11
4 19 19 13 18 21 9 6 24 12 6 8 6 7 18 14 5 15 17 5 16 26 11
4 14 7 11 19 8 16 10 15 17 6 9 12 6 5 13 15
10 4 13 24 13 4 10 14 18 7 5 25 31 8 13 23 8 13 10 13 12 30 11 4 10 10 4 6
7 12 10 18 4 13 5 9 14 14 16 11 20 19 6 6 17
8 10 8 11 14 4 13 5 15 12 7 6
6 6 10 5 4 7 8
5 8 9 4 6 9 7 11
5 5 18 4 12 13 16 14 10 8 7 5 6 10 8
7 4 14 17 12 14 7 8 13 10 9 14 8 11 21 7 5 16 6
14 15 8 19 28 7 15 5 8 17 6 7 20 7 14 26 5 13 8 26 23 20 27 16 27 25 32 12 9 4 22
12 42 21 23 13 39 18 34 9 17 27 5 27 11 19 7 9 29 32 8 31 25 25 20 15 16 37 28 4 6 43 30 10 22 33 29 36 25 24 41
15 6 6 6 13 8 21 12 11 9 17 12 19 5 10 4 20 18 16
4 7 13 10 18 12 11 15 12 16 5 8 8 6 9 19 6 20
5 4 18 16 11 8 15 10 10 12 16 6 13 12 9 14 21 6
7 17 21 12 6 4 18 23 28 20 22 6 8 9 15 6 16 16 25 6 11 24 19 9 5 9
4 12 15 10 18 4 4 6 5 17 6 9 14 9 4 13
5 6 10 7 5 4 9 6
21 15 20 11 14 7 8 4 6 16 4 17 10 9 12 18 19 13
11 10 14 18 12 14 9 17 13 8 9 5 7 6 4
24 18 8 18 22 6 15 16 12 14 9 7 17 13 4 20 21 15 10 4 5
24 19 7 13 10 4 42 34 52 25 17 51 49 35 29 33 37 23 16 41 7 45 40 18 21 30 19 20 24 19 43 43 12 6 14 6 11 10 32 28 47 10 27 39 8 38 15 22 48 5 50 40
6 8 23 13 4 20 10 29 4 10 29 7 36 26 16 29 17 11 28 10 21 24 41 18 15 42 35 17 5 6 13 9 4 32 13 22 6 8 7
36 21 38 19 26 19 4 13 35 19 18 15 20 6 32 9 5 14 37 9 8 29 30 25 11 10 25 27 11 7 12 10 25 11 28 41 40 16
10 27 7 8 9 11 34 45 35 21 6 44 20 27 42 9 40 26 15 43 24 7 29 14 12 25 24 5 18 33 24 19 31 23 22 27 17 13 5 4 23 11 9
7 9 7 27 21 4 5 26 6 20 15 24 12 6 6 16 6 15 16 7 18 22 15 19 6 29 7 28
7 4 7 4 10 21 10 6 14 15 19 32 27 31 34 11 8 22 10 18 13 20 25 10 5 33 12 28 9 4 15 15
12 10 14 5 4 6 9 13 8 11 6
8 6 4 5 9 5 7
26 16 17 9 12 13 12 6 27 8 7 17 9 4 25 9 5 7 10 7 10 9 5 19
9 5 4 6 9 4 8 7 12 15 13 17 7 14 9
11 11 10 17 29 24 33 35 34 16 17 19 13 25 6 15 9 8 39 6 32 4 6 31 6 26 38 14 12 22 5 11 29 10 25 7
9 7 17 11 18 15 18 8 18 21 4 8 30 28 12 31 4 8 19 27 13 18 8 10 6 5 16 25 14
10 8 5 9 5 7 4
12 7 5 9 11 6 10 4 5
16 19 4 4 16 8 15 9 32 6 22 5 12 20 7 27 5 24 22 34 27 5 10 16 13 17 25 30 11 23 21 18
11 25 12 13 13 17 23 8 13 13 21 31 16 41 41 29 16 57 8 4 7 18 13 17 4 35 24 16 13 16 7 39 5 61 11 8 25 34 19 28 10 9 8 46 33 8 8 8 23 5 5 60 16 15 27 25 8 8 5
39 5 11 31 19 20 4 62 5 17 36 4 54 4 26 44 66 28 21 31 9 5 6 4 18 8 19 47 41 8 4 5 19 20 8 5 54 5 29 5 12 4 16 4 29 37 14 7 35 55 4 43 18 60 45 30 5 4 4 29 4 39 5
18 21 21 52 17 20 7 5 35 11 23 26 46 26 17 15 6 9 17 12 29 10 9 20 42 4 9 35 20 18 10 9 7 36 7 4 37 7 12 31 4 25 39 53 12 23 47 6 8 23 18 11 13 6 8 13 12 13 61 34 19 40
8 5 9 19 24 7 12 4 25 16 13 8 10 4 29 18 32 6 26 15 5 8 14 7 15 15 5 15 19
7 5 8 4 6 9
17 14 5 29 15 31 4 5 8 15 4 29 29 14 36 4 5 8 19 4 14 14 6 25 22 20 32 25 10 26 33 5 9 42 5 39 40 17 14
6 8 12 7 5 4 9 10 11
8 20 9 6 7 21 12 18 13 11 19 14 10 4 16 15 17 5
9 28 39 22 34 34 47 31 33 10 10 8 35 21 45 27 26 18 48 17 25 19 13 12 40 7 36 4 23 28 30 15 5 43 15 41 14 38 11 45 30 6 8 16 11
6 5 4 10 8 7 9
10 6 18 15 6 6 4 16 5 13 17 14 12 6 11 6
5 14 6 9 11 12 10 7 8 4 14 6
17 5 22 19 14 22 7 11 19 28 18 16 5 17 15 9 26 38 26 23 35 23 8 25 27 37 32 21 9 5 4 26 33 6 34 12
13 7 10 9 11 6 16 8 17 8 5 4 12 15
49 44 8 23 6 5 33 8 13 8 24 32 8 9 4 21 29 39 50 48 12 64 8 51 4 15 18 5 33 34 18 8 8 36 33 42 8 9 4 10 8 51 4 67 8 9 38 7 62 41 55 4 63 15 35 19 52 4 4 8 10 4 44 4
14 12 6 13 9 11 5 12 7 17 4 6 4 15
9 9 8 11 13 5 16 22 21 10 11 4 6 14 8 24 4 17 18 8 15
8 6 4 7 5
13 28 10 4 7 16 5 10 24 11 23 9 5 10 19 24 14 5 4 28 12 21 20 17 6 21 20 32 29 25 10 36 38 4 4
7 11 4 5 10 8 7 12 5
7 6 10 13 9 8 4 5 10 12
12 11 13 8 16 17 5 4 7 12 10 19 6 18 9 15
11 6 21 6 11 9 5 9 15 19 12 14 18 4 16 13 6 6 8 6
10 11 17 4 10 6 6 25 6 6 8 10 9 21 14 16 10 6 13 8 4 17 5 13 27 24 18 6
19 33 7 6 9 41 29 13 10 20 32 8 15 40 8 15 14 43 5 18 27 10 37 26 13 7 27 27 16 20 27 4 39 22 31 45 24 11 16 30 25 21
12 4 8 14 9 7 13 15 10 5 5 6 11
8 5 6 11 4 5 7 9 10
4 4 4 4 9 13 13 8 5 16 10 5 13 6 4 14 4 4
10 7 14 11 16 9 9 7 6 15 4 5 13
36 32 32 31 40 8 5 71 43 42 29 20 15 10 15 21 33 50 14 59 28 27 35 27 11 32 66 51 32 7 60 25 26 24 26 41 16 26 18 8 56 34 13 6 74 64 53 64 8 10 41 64 38 46 27 16 16 26 16 22 39 36 30 27 32 4 9 39 36 19 20
12 24 6 21 13 11 4 5 28 14 25 10 28 13 23 10 42 7 41 29 13 20 18 8 7 19 12 23 40 32 31 17 38 9 37 16 36 15 33
4 8 10 14 18 9 17 13 15 23 6 20 7 9 12 11 12 5 21 6
12 16 9 6 4 12 7 4 5 5 9 5 11 17
13 4 13 20 21 7 15 17 19 6 10 12 8 9 24 11 5 14 16 18 8
19 12 15 14 11 4 8 5 21 13 17 18 16 6 10 9 7 20 22
11 13 4 13 4 16 28 11 18 12 35 11 20 5 5 29 17 27 19 34 11 23 25 14 6 33 12 8 5 5 4 12
9 15 4 24 6 5 30 12 19 24 6 31 14 6 15 27 10 11 5 28 20 24 9 32 31 36 26 8 6 34 16 6 21
14 10 25 6 16 9 14 17 23 12 7 7 4 18 22 5 15 8 4 13 21 18
17 9 7 7 13 6 5 12 11 19 18 20 21 7 4 15 14 9
14 9 10 12 5 16 18 13 12 5 7 4 8 8 8 19 11 6
5 7 6 7 13 4 10 17 11 4 16 14 4 7 12
4 6 9 5 7 8
9 9 16 12 34 20 37 23 6 10 28 8 22 40 24 17 5 19 8 39 36 25 9 18 9 13 29 30 19 8 43 28 8 42 8 29 24 27 7 4 21
16 9 6 15 10 17 6 5 12 13 15 12 4 11 8
8 16 25 16 9 22 14 18 23 15 8 7 5 20 8 12 7 6 4 6 4 16 21 11
9 9 8 5 16 17 7 14 26 24 14 6 5 13 20 12 22 11 4 8 29 30 28 21 15 27 10
17 10 26 5 13 7 6 20 5 13 17 4 16 12 13 30 19 8 13 29 9 23 27 15 24 6 16 11 19
31 39 48 32 12 17 5 16 19 15 28 9 34 9 29 7 12 17 14 30 25 7 33 27 42 13 45 8 44 9 47 4 6 37 26 18 46 10 11 40 21 18 23 50 18 35 43 22
10 14 17 6 12 4 8 5 11 7 15 4 16 4
21 18 17 11 8 10 6 7 12 22 20 24 14 13 9 15 23 7 5 19 4
7 4 8 5 11 9 12 13 6 10
9 5 11 6 7 8 4 10
23 20 12 13 7 8 14 10 25 16 4 11 9 15 22 19 31 6 8 32 5 17 27 11 21 28 18 26 29
5 16 18 19 12 8 6 7 4 10 11 9 4 7 6 7
14 16 4 11 15 4 5 7 8 9 12 7 6 13
10 10 11 15 10 7 16 6 14 4 8 5 18 6 14 20 7
12 5 4 6 9 8 16 9 13 6 8 15 6
14 8 10 13 8 7 5 5 5 10 4
6 33 22 10 39 11 30 55 37 54 26 21 6 22 35 49 20 16 4 36 19 56 41 13 38 34 8 48 12 27 45 5 57 7 44 53 9 25 23 29 52 28 42 50 43 46 14 51 15 40 24 18 47 17
10 5 6 40 27 33 9 12 6 13 11 8 13 13 35 13 8 4 14 4 4 4 34 4 29 4 14 19 6 6 23 28 37 15 21 26 30
5 4 12 6 9 8 12 6 10 7
7 4 5 6 14 17 16 15 10 9 13 11 8 4
9 13 17 4 5 19 4 11 15 18 8 12 7 16 5 6
12 7 7 6 11 4 13 8 9 11 7 5 14
15 30 18 17 10 13 18 16 8 21 18 18 4 9 11 26 12 10 14 35 18 18 41 33 18 6 22 10 22 37 39 5 28 34 18 19 7 18
21 11 11 15 8 9 11 11 12 5 4 18 4 23 25 23 7 7 18 5 21 16 6 13 26
17 5 57 59 8 9 16 30 13 35 21 10 25 41 34 45 40 23 47 42 36 9 12 48 15 14 4 16 4 18 17 5 44 43 16 32 54 17 22 11 31 31 26 7 38 8 33 6 39 20 50 37 56 53 52 58
4 5 7 12 8 6 15 10 13 11 16 4 14
18 15 22 4 8 4 14 12 5 4 16 4 18 19 9 17 7 11 6
7 14 7 9 6 6 11 4 15 7 5 12 17 12
6 6 15 10 10 9 7 14 9 13 8 5 4
27 17 4 5 18 19 20 4 10 22 9 37 16 4 10 7 10 12 24 8 7 5 14 39 38 5 36 22 30 16 11 18 15 13 18 34
11 11 16 8 4 9 14 25 4 15 4 15 13 6 4 9 21 15 29 10 23 5 14 6 6 19
15 20 11 10 21 24 11 16 12 4 13 5 6 9 14 7 22 18 25 8 23 15 17
5 8 12 7 6 11 4 5 5
7 5 4 6
5 10 9 12 7 8 20 5 4 4 10 22 11 13 9 6 5 8 5
7 10 6 5 8 4 9
34 36 27 15 38 44 33 8 18 9 31 21 10 35 32 21 8 12 55 9 32 21 25 23 23 20 6 7 16 56 24 26 20 6 5 8 6 50 60 21 58 45 11 37 63 14 61 48 4 4 39 11 47 22 25 8 29 41 45 12 45
8 12 10 12 14 4 7 5 4 11 9
8 6 10 9 7 11 4 5
9 15 31 6 13 5 16 18 24 6 21 32 8 16 17 4 10 25 24 33 12 23 19 14 30 29 11 8 7 8 7
8 6 4 7 14 7 7 15 20 13 12 5 19 14 11 9 16
5 5 8 8 10 4 25 24 19 22 10 11 13 12 6 5 5 14 7 10 23 10
9 14 12 9 25 17 15 10 17 15 27 8 5 7 34 26 7 11 17 18 28 29 24 4 13 23 26 6 26 20 9
18 11 10 9 20 28 9 24 13 16 7 15 19 5 16 26 6 16 21 8 12 4 23 14 27
14 16 7 8 19 4 13 5 12 20 6 18 17 5 11 6 15
6 7 4 9 11 12 5 6 10
13 17 6 16 5 19 8 11 12 6 7 20 4 9 4 7 4
11 12 10 8 5 7 18 15 20 9 8 4 14 6 13 9 18 16
7 6 8 5 4
4 6 10 17 14 8 16 7 4 7 12 6 5 18 15
7 6 4 8 11 10 9 5 12
8 30 8 33 21 28 27 31 8 5 23 7 8 11 29 25 8 16 15 26 12 29 15 6 22 14 4 17 24 20 34
7 7 24 21 23 14 13 8 5 7 22 6 17 4 19 11 7 9 12 16 7
7 4 5 9 14 10 16 13 6 11 17 15 8 12
9 11 14 4 12 16 19 17 10 6 13 5 13 7 12 8
7 7 18 16 14 11 5 16 15 19 4 9 5 4 13 22 8 6 4 21 5
5 6 12 11 21 15 12 20 15 10 7 5 14 4 4 19 9 13
7 15 6 31 8 29 9 21 5 16 34 24 12 4 7 18 19 20 36 9 9 9 29 8 24 10 4 22 25 15 28 7 15
5 6 4 6 7
13 17 20 10 12 16 8 18 19 4 6 11 5 14 15 7 9
26 16 9 10 6 20 14 5 13 28 10 16 9 4 11 17 25 4 4 8 7 12 22 23 12
6 19 7 12 17 21 15 17 5 14 5 13 16 8 21 4 10 9 11
8 11 26 4 11 9 5 8 6 8 6 12 25 7 4 11 8 11 18 4 11 4 6 28 10
16 7 4 26 14 36 29 28 40 35 14 10 12 14 27 41 33 7 24 23 6 11 20 7 13 9 21 30 22 30 32 18 38 5 26 7 25 39 8 21
14 8 12 10 5 4 15 6 7 13 6 11
19 5 4 10 12 8 10 10 15 13 18 6 14 17 7 9
10 9 6 8 7 5 4
7 4 5 6
4 11 14 12 10 7 6 5 9 8 15 13
14 12 11 5 4 21 4 18 13 7 16 10 8 17 15 9 5 4
14 21 26 14 22 11 6 11 28 11 5 7 5 4 22 10 18 24 7 5 31 8 27 7 5 19 16 30 23 34 20
12 6 12 8 4 6 12 7 5 10 7 17 9 15 6 19
4 17 21 22 15 7 12 11 5 8 20 10 14 16 6 9 18 13 19
14 4 27 4 26 18 47 9 35 20 36 38 33 9 25 40 44 29 6 34 34 19 17 4 11 4 28 24 12 22 18 27 5 27 28 46 23 6 15 14 7 8 14 14
8 5 5 4 11 6 12 10 9
7 6 5 4 12 11 7 10 9 13
6 8 6 9 11 15 10 13 14 12 4 7 5
9 5 6 11 13 7 6 6 4 8 6 11
23 19 21 7 18 14 13 8 6 10 4 11 5 15 5 16 6 17 11 22
6 8 7 4 5 9
7 10 6 9 8 5 4
13 5 7 8 4 6 12 4 4 7
10 4 6 10 7 6 23 13 29 11 12 5 12 14 6 18 18 20 10 13 26 21 12 14 12 31 6 30
18 6 32 8 8 19 20 12 12 10 17 14 29 28 7 31 4 9 22 26 10 8 24 20 23 11 25 5 15 6
6 4 4 5
8 14 19 17 7 11 16 10 24 20 22 4 23 9 6 19 13 12 15 18 5
10 11 13 6 7 28 15 8 58 22 20 34 21 37 40 5 31 45 51 35 49 13 36 46 29 52 48 15 11 39 10 48 15 10 38 12 15 4 19 7 7 14 53 17 57 55 44 47 25 16 23 24 32 9 46
5 8 12 7 7 9 10 7 6 5 18 5 5 4 7
5 4 7 10 8 6 9
16 11 18 7 26 10 22 5 7 28 4 41 38 42 6 5 13 9 20 26 13 9 20 32 16 18 7 34 12 6 28 30 25 4 24 43 15 14 36 33 23
13 13 6 15 4 34 42 36 9 18 31 22 7 21 31 21 26 23 14 20 10 43 28 17 11 41 35 19 25 5 37 40 38 32 12 24 33 16 21 8
45 48 26 14 8 55 27 7 15 5 8 8 49 44 21 34 28 25 21 28 10 31 38 19 14 12 31 8 35 21 8 21 47 4 5 58 5 9 53 18 10 41 50 10 5 5 50 5 10 13 31 17 39 5 10 10
24 12 24 16 21 5 21 11 14 5 17 4 15 5 26 9 13 23 10 7 20 19 22 8
4 13 4 8 4 14 9 16 9 8 7 19 11 15 12 8 4 6
10 8 8 5 13 7 11 13 10 5 4
11 7 7 6 7 7 21 5 20 27 28 17 18 25 7 11 22 7 12 14 4 26 24 10 7
44 51 4 40 41 30 58 40 28 4 25 53 8 26 18 26 6 32 26 54 50 17 9 11 9 13 11 62 4 37 33 11 34 27 48 35 11 38 16 14 61 60 12 14 20 19 16 14 21 47 46 23 7 56 7 65 29 22 55 42 5 10
8 12 5 15 9 14 6 23 4 19 21 7 20 17 22 18 8 10 16 9
8 4 5 7 6 10 5 9
11 14 20 9 18 6 15 10 5 4 7 13 8 12 6 10 21 17 23 10
4 15 22 10 9 11 4 11 21 21 24 24 9 11 10 10 18 26 8 12 10 7 20 5 29 17
5 12 8 5 10 11 7 17 10 18 13 14 4 6 15
18 24 22 6 4 10 11 11 21 5 9 9 4 19 15 16 11 8 23 20 5
4 7 10 7 7 26 21 5 16 11 23 9 24 20 19 22 8 17 12 4 4 14 11
14 18 29 5 18 14 18 22 8 10 8 8 7 24 8 26 15 5 5 13 16 35 5 11 32 36 30 6 17 4 19 25 34
15 4 14 13 19 7 5 8 6 5 17 10 16 8 8 9
6 10 7 8 9 6 5 11 4 9 14 9 16 9 13
8 4 7 4 9 6
7 4 12 11 14 9 13 6 10 8 5
15 9 20 20 47 28 4 16 29 19 37 7 43 18 31 8 11 41 36 12 42 28 5 22 44 27 28 24 24 38 23 44 19 10 17 13 16 32 14 35 14 16 17 6
19 22 21 18 26 30 10 8 31 11 19 11 26 17 4 6 5 15 16 6 25 29 14 5 9 24 12 18
8 21 17 19 13 15 9 4 20 22 18 14 8 8 6 12 10 6 5
17 9 11 4 12 10 13 6 12 19 8 16 14 5 15 7
15 15 15 18 12 4 21 8 9 6 4 12 11 5 20 12 13 26 10 19 27 23 7 25
6 5 10 11 4 7 6 7 12 11 4
11 6 6 4 8 4 5 14 13 15 10 9
32 55 61 5 7 19 25 26 15 66 5 27 69 67 64 46 6 28 47 41 33 4 29 5 48 14 25 26 59 53 54 22 44 42 27 68 62 36 52 51 6 57 9 56 33 4 58 61 19 31 20 23 14 24 32 10 16 32 45 11 8 12 50 12 14 12 11
10 9 16 10 12 18 5 6 4 6 8 14 17 9 11
17 10 5 8 6 12 16 4 14 8 7 8 10 5
10 7 14 5 6 13 11 4 9 12 8 15
9 12 15 22 6 27 21 16 10 13 9 4 26 8 5 9 16 23 25 9 4 16 5 13
49 40 18 35 48 31 45 34 4 47 21 7 54 47 33 10 12 42 13 37 53 59 31 9 27 27 8 34 50 4 21 23 24 19 14 26 28 36 19 58 9 20 32 41 11 44 15 4 16 15 42 25 29 5 6 15 22 46
9 11 4 5 6 8 7 10 12
4 27 11 10 14 5 10 4 10 28 4 10 11 4 6 20 4 38 20 5 5 31 22 26 5 34 16 36 7 30 12 25 9 33 8
4 23 4 5 4 11 11 18 8 13 21 17 7 17 11 8 9 16 6 8
4 4 5 5 7 10 8 6 5 7 10 17 9 14
4 19 16 10 7 10 14 12 9 18 13 11 21 6 13 8 22 20 10 5
4 13 6 15 7 8 14 16 8 17 5 10 10 8
4 9 6 4 11 13 5 25 24 16 22 4 8 15 17 4 30 13 5 16 13 5 4 15 10 8 8 4
5 6 5 12 6 6 4 14 13 6 4
17 9 5 5 7 19 13 6 14 6 15 13 12 10 14 6 8 4
4 4 10 8 7 6 5 12 9 11
16 15 47 58 15 51 15 51 33 20 56 18 39 24 58 74 24 18 70 12 66 46 42 13 69 13 25 52 9 36 21 48 44 6 55 39 24 14 32 64 21 21 31 39 30 11 10 27 7 76 23 25 4 12 28 65 8 16 38 34 18 17 24 30 67 75 68 4 8 45 59 26 38 5
13 15 11 10 7 9 15 6 5 9 11 7 13 8 4
13 12 6 5 4 9 10 10 7 8 12
5 8 6 21 23 24 16 13 4 18 9 25 24 5 14 10 16 5 27 22 5 12 11 14
14 11 7 4 9 15 17 10 8 13 17 7 14 6 12 4 15
10 13 6 11 12 4 7 8 10 9 14 5
8 10 7 6 4 10 9 9 5 12
4 5 7 8 9 5
11 14 8 13 7 9 5 4 10 12 8 6
5 4 5 11 15 4 10 22 19 8 11 6 7 8 10 7 14 5 10 17 19
4 4 11 6 15 7 6 18 9 13 5 12 19 5 20 16 21 14 10
5 6 11 13 10 16 4 8 12 14 15 9 7
5 19 9 20 18 4 9 20 11 5 4 10 14 23 7 5 5 4 26 6 8 10 31 14 4 9 14 30
7 15 9 12 13 15 5 14 6 10 7 9 22 4 17 20 16 21 8 18 17
4 19 8 14 21 8 14 7 19 5 7 18 28 4 27 31 12 15 25 6 4 6 22 4 9 4 19 33 16 23 4
4 7 8 9 5 6 11 9
13 11 13 22 21 32 5 15 4 26 23 25 17 7 5 29 21 31 30 9 7 12 18 19 24 10 20 6 14
12 5 15 11 7 8 6 7 14 7 4 5 10
9 9 11 4 9 4 6 8 7
13 15 8 16 11 10 9 17 5 14 6 4 7 12
26 16 15 27 6 4 30 16 12 24 11 29 12 11 28 23 8 24 9 11 11 25 10 7 22 5 13 31 21
4 26 13 15 8 7 25 24 5 28 20 10 14 30 6 29 31 21 19 12 8 17 9 23 22 8 17 5 28
5 11 19 16 25 10 26 4 5 4 16 23 10 4 22 21 15 18 24 13 5 10 6
20 15 14 16 28 25 12 6 8 7 5 6 7 18 10 27 6 22 7 7 19 4 21 13 11 23 29 30
9 8 19 4 13 12 6 7 12 6 5 11 4 15 14 10
5 19 17 17 18 7 9 29 8 10 17 32 21 14 5 10 8 13 7 9 5 18 12 25 24 30 6 7 4
4 4 10 19 42 47 41 50 59 25 45 9 28 53 17 40 14 15 21 12 26 24 34 26 33 54 8 55 5 23 16 20 43 51 57 38 60 37 11 6 13 44 18 39 7 30 29 48 35 49 27 36 32 61 52 56 31 22
9 37 6 18 5 9 31 38 11 12 22 8 41 15 13 5 28 7 23 30 21 14 30 21 19 35 25 16 9 15 36 9 32 40 5 29 4 9
13 6 13 25 16 14 6 13 8 16 7 9 10 14 24 7 5 11 14 19 23 4
8 6 7 7 9 5 4
9 13 5 20 6 5 16 21 11 8 15 9 16 7 4 19 10 9
6 20 8 21 7 12 11 23 26 24 18 9 17 19 14 4 13 25 27 5 12 4 5 14 15 10
12 8 6 13 7 15 4 10 16 9 17 9 10 4
32 31 91 54 41 77 61 36 32 58 31 38 44 16 9 58 26 64 106 42 52 95 62 60 48 51 30 66 4 35 87 93 84 82 102 85 104 34 97 59 71 25 69 70 94 57 8 12 53 78 43 79 13 21 105 21 89 68 86 100 75 42 10 17 18 27 10 60 99 49 29 98 20 6 96 7 65 69 50 14 76 5 45 19 33 9 44 83 90 19 56 80 24 22 40 11 72 32 72 32 39 88 15 15
6 5 14 14 12 6 15 9 17 27 16 13 30 14 20 11 8 26 10 23 22 29 4 24 7 28 18
16 10 12 4 6 9 14 14 11 5 8 13 7 15
13 19 9 16 6 21 11 20 15 14 17 7 14 4 12 8 10 5
15 23 8 7 4 5 22 13 10 15 12 11 14 8 9 20 6 4 9 24 17 14
6 12 4 5 11 9 9 14 6 4 13
32 12 16 29 6 35 24 38 5 6 31 4 7 23 9 9 16 25 28 8 5 6 10 6 5 16 9 14 9 34 5 6 14 18 16
12 13 13 14 15 11 9 10 5 17 8 4 18 7 19 6
5 7 7 13 14 8 12 4 9 11 6
50 50 66 21 28 43 21 38 21 26 7 78 7 19 82 18 17 47 44 84 46 7 4 35 11 29 16 6 51 60 55 15 49 53 5 18 31 35 15 73 58 17 78 31 9 61 65 7 4 17 13 78 15 35 14 17 32 20 45 19 62 14 17 34 8 14 17 5 53 59 69 57 79 35 8 80 45 25 17 12 42 30
8 6 6 4 4 5 16 19 4 15 22 17 4 7 14 5 7 4 9
41 70 22 68 17 17 17 13 6 27 21 31 4 38 9 72 24 50 7 6 5 8 58 11 56 69 30 8 46 31 4 42 27 12 8 52 54 10 27 27 49 35 29 21 65 10 39 25 12 8 33 9 34 23 9 31 19 33 10 57 6 43 10 48 31 20 55 37 75 8 6 33 10 16 10 28 71 14
5 16 4 23 29 13 7 6 4 33 8 22 11 4 27 35 21 26 32 27 24 10 17 20 12 7 7 28 15 9 25 12
14 17 4 8 10 9 28 21 15 23 15 24 11 7 16 31 16 26 16 25 5 13 20 18 12 6 30 27
5 6 15 9 7 11 12 10 13 7 4 8
8 8 10 6 18 4 7 17 8 8 15 9 12 19 7 5
11 23 18 7 11 18 10 24 4 17 35 16 7 12 35 28 7 5 16 16 24 6 35 8 33 7 19 14 18 38 30 13 15 27 36 42 22 9 31
8 5 13 9 12 4 14 11 16 8 6 17 15 7
4 14 11 9 5 5 8 5 12 13 6
16 4 11 6 6 5 13 9 20 10 6 9 7 17 8 10 18
4 5 11 13 8 6 10 7 9 12
14 13 14 14 11 20 21 9 10 7 19 4 12 6 16 6 5 15 17 10
5 15 9 7 14 4 10 8 16 13 6 12 11
9 7 10 4 6 6 4
11 7 4 6 5 10 8 9
4 18 30 7 9 10 32 14 13 11 17 7 28 17 7 6 23 8 5 33 29 16 8 26 16 34 16 31 21 12 15
13 17 6 8 24 7 15 8 14 9 18 4 22 19 12 20 21 23 5 8 13 10
9 5 5 5 11 6 7 10 4
8 9 19 5 26 10 20 22 13 12 16 6 7 21 8 25 12 8 11 7 8 15 4
5 5 5 10 15 5 4 16 11 8 5 9 13
4 7 10 6 11 12 8 9 5
6 13 16 6 19 4 7 20 7 31 7 11 7 11 28 8 27 22 25 11 30 5 7 11 18 10 12 33 32 21
15 13 13 9 10 19 16 12 14 5 4 11 8 17 6 7
15 4 9 7 12 15 12 5 5 20 5 8 6 6 19 5 4 15 10
7 11 5 8 8 17 15 4 8 6 16 9 10 13
12 23 27 19 10 28 17 10 11 20 24 7 21 8 5 15 15 9 16 6 22 4 26 13 14
9 15 20 6 8 7 11 4 10 5 17 13 5 14 22 10 16 21 12
9 14 12 5 8 16 19 10 17 15 7 21 13 20 6 4 11 18
21 28 13 20 7 19 32 10 6 7 8 39 12 32 10 10 13 5 37 26 4 14 13 11 7 36 13 10 14 10 7 16 13 6 23 13
10 14 4 11 17 8 18 5 5 4 15 8 15 6 10 5 12
4 5 6 7 8
21 16 6 19 11 10 14 8 4 5 15 11 17 23 8 4 20 24 13 25 7 9
59 58 8 57 33 50 55 8 7 4 64 68 14 8 5 8 7 14 46 23 33 67 8 20 8 54 6 32 22 63 13 8 4 50 22 6 8 5 8 24 4 18 4 49 8 24 36 48 25 45 52 17 17 8 56 12 70 58 69 60 71 8 4 8 5 8 35 4
5 13 42 21 18 43 20 45 22 26 15 40 15 10 21 7 25 10 6 50 24 18 18 7 24 45 33 24 41 20 41 7 28 43 37 7 17 27 39 16 26 4 23 16 8 8 7 19 8 22 9 23 54 36
24 24 18 50 23 46 18 14 29 21 43 48 39 38 41 19 11 30 16 5 4 52 20 32 26 31 12 40 22 33 7 42 28 10 13 17 15 6 25 51 8 49 36 9 27 34 45 47 44
12 10 10 11 19 7 30 5 4 27 22 9 20 4 23 16 19 7 26 11 5 25 6 18 13 19 14
17 22 7 11 14 16 18 9 13 8 21 10 12 20 4 19 5 6 15 10
10 10 6 6 7 8 13 5 11 9 12 19 16 18 17 4 14 18
8 8 8 5 11 8 10 16 7 6 4 14 13 4 18 15 20
13 19 8 15 22 15 9 8 8 14 11 4 10 7 4 4 20 5 6 21
6 24 26 32 10 35 8 9 19 10 8 5 25 7 7 28 15 13 4 29 20 39 38 12 27 34 23 6 20 30 17 33 4 21 37 18
22 24 4 6 29 34 15 11 10 32 19 31 28 26 12 8 5 27 20 18 16 8 14 9 33 7 13 23 4 21 17
16 5 7 4 8 14 12 13 6 11 9 17 10 5
5 4 8 7 12 10 6 11 9
11 26 10 5 6 17 12 14 16 27 23 18 30 4 15 28 9 31 9 19 8 20 7 13 22 16 21 25
10 9 7 4 5 8 6
10 12 15 5 4 13 18 15 7 23 7 22 6 9 4 21 11 4 16 11
8 13 26 33 21 20 36 13 17 34 10 15 12 23 6 34 10 32 18 8 4 9 28 8 9 19 25 5 14 22 27 5 37 7
6 15 7 19 6 9 4 8 12 5 17 14 12 11 18 13
16 9 10 16 9 5 11 6 11 7 5 23 9 4 8 21 12 15 19 8 7
14 17 7 4 21 9 5 8 16 10 11 15 19 6 20 18 12 7
17 11 29 8 50 17 12 27 21 48 9 22 6 37 53 36 12 42 10 7 43 35 18 5 33 30 47 4 35 49 40 38 25 12 34 13 51 13 8 10 7 32 16 46 5 26 12 24 7 14
18 18 6 24 19 9 16 7 5 10 14 8 12 13 12 5 10 7 18 15 20 21 15 4
14 10 8 9 14 16 13 11 6 5 17 4 12 7
13 18 5 14 19 24 7 21 9 16 25 4 12 6 6 15 20 11 8 23 10 12
11 8 9 16 17 12 10 4 6 5 19 7 10 18 15 7 20
4 17 11 6 12 9 10 7 14 15 13 5 16 18 8
11 13 4 17 7 12 9 9 15 5 6 12 10 8 23 19 8 25 8 21 20 22 14 27
31 13 51 21 54 76 12 58 33 80 60 36 9 16 35 84 15 21 15 86 73 74 25 15 62 64 100 4 9 4 46 48 101 47 44 41 27 11 56 11 79 61 96 81 18 10 66 6 42 92 77 72 8 85 17 45 23 89 39 67 32 30 29 75 9 30 22 14 102 82 94 98 88 38 69 87 43 52 53 37 90 91 26 28 83 65 8 16 60 95 78 24 99 7 20 31 103 5 97 19
5 15 14 15 9 16 8 17 4 11 6 9 8 13 7
16 11 5 11 6 32 4 19 12 8 8 9 26 8 18 14 31 24 7 13 18 9 29 33 10 15 28 20 17 21
10 19 31 8 10 27 7 13 24 14 11 6 14 6 29 16 5 25 10 19 15 18 11 28 15 14 9 4
6 14 25 13 6 4 22 20 4 12 9 21 15 16 26 8 18 17 15 10 5 18 6
11 5 14 13 6 10 4 7 8 9 7
5 5 7 8 4 10 11 6
52 39 6 49 57 13 18 51 44 6 50 5 16 14 15 55 25 17 46 41 32 9 12 7 10 43 22 30 35 12 21 40 53 31 26 29 45 27 11 17 38 37 54 56 19 48 8 20 24 33 36 34 28 4
4 5 6
4 9 15 6 12 12 27 4 4 11 20 7 11 22 24 4 15 5 7 18 25 7 4 26 14 7
20 15 4 10 5 5 4 8 7 9 6 13 17 18 11 19 12
10 8 10 4 9 11 6 5 7
18 19 10 7 21 13 14 10 11 13 6 4 12 5 9 15 20 8
29 10 25 62 29 10 8 55 24 6 7 16 13 43 15 19 38 67 9 8 28 52 12 28 16 6 12 28 5 20 42 61 50 16 48 59 28 36 38 31 10 9 47 27 29 11 29 11 8 12 58 9 10 4 26 66 12 29 60 16 63 10 38 32 49 10 12 9
14 6 10 10 39 31 5 10 39 37 9 29 7 19 4 21 38 22 25 13 35 28 18 36 23 17 10 16 32 8 43 8 14 6 20 16 26 4 21 11 11
4 5 11 9 11 12 13 6 10 8 7
8 5 6 6 4 7 9
14 15 9 9 22 27 16 14 5 13 20 25 21 20 9 18 7 13 6 11 4 24 12 8
22 8 15 7 13 8 5 9 4 15 14 5 10 15 6 10 21 15 6 18 4
7 37 25 61 9 9 57 35 34 6 20 18 18 14 8 10 5 56 11 10 5 16 4 15 48 9 49 10 9 43 4 18 4 15 12 16 41 25 20 7 19 32 30 20 36 6 16 20 20 6 20 16 33 4 24 54 25 20 16 16
11 21 6 5 7 11 20 23 17 13 22 8 25 16 4 24 12 18 9 9 12 10
16 10 15 7 4 9 17 8 9 5 12 5 4 16 12 11 12
6 4 7 5 8 9
27 10 22 7 19 14 7 9 5 16 24 15 5 13 7 8 8 6 7 4 16 19 12 28 5
7 17 23 24 9 26 8 4 30 35 25 7 15 28 18 6 5 18 10 38 10 27 13 36 20 16 5 6 7 37 18 34 11 21 14
15 18 27 13 21 14 23 11 19 20 7 26 22 24 6 25 12 17 5 9 16 10 4 8
11 19 29 11 17 7 13 7 14 24 5 20 10 21 28 25 18 27 22 16 14 6 15 26 10 32 12 4 4 8
26 7 26 8 6 9 21 30 28 32 23 37 12 13 13 23 4 29 15 23 36 5 13 17 10 10 27 35 9 11 18 33 14 19 10
5 22 4 10 7 12 6 10 18 9 13 20 12 7 15 8 19 11 16
5 12 7 8 13 4 9 11 6 10
5 9 32 18 8 7 19 29 5 20 36 26 32 22 4 30 28 15 12 13 17 6 27 24 4 33 5 28 5 25 16 31 10
15 13 8 17 16 5 11 4 4 6 8 8 6 6 6 4
4 6 14 5 14 5 7 14 13 8 10 9 10 12
15 10 13 12 17 7 4 9 11 8 5 16 14 5
6 13 8 4 7 5 9 7 5 10
17 24 9 28 26 28 28 39 8 37 8 6 25 20 15 41 12 10 17 38 4 14 5 6 11 26 23 19 14 24 19 19 21 27 7 14 13 7 14
24 12 13 6 5 10 5 16 11 4 26 11 19 21 23 7 8 15 9 17 22 18 14
12 11 21 15 12 12 13 20 5 6 8 10 6 7 21 10 9 4 6 7
6 9 11 6 5 4 8 7 10
5 25 8 50 15 55 27 6 54 40 24 9 5 15 27 29 11 5 48 35 39 20 29 17 28 10 14 16 20 30 26 13 20 49 43 22 32 18 46 42 19 33 38 21 7 8 12 7 5 7 4 41
15 8 9 7 11 7 12 4 6 16 10 5 8
5 7 4 6 8
10 8 12 8 4 6 9 10 14 7 15 5
25 63 9 7 13 44 14 15 6 17 57 13 11 31 25 38 48 59 14 51 8 21 14 13 26 12 21 42 15 8 29 57 42 13 21 4 17 4 10 55 4 13 5 8 30 53 47 13 31 36 8 27 36 13 11 11 10 39 11 25 11 33 27 30 16
17 20 13 5 4 6 4 5 4 14 4 5 8 11 19 7 9
12 17 24 8 10 11 15 5 13 6 4 14 7 16 5 10 19 22 12 10 16
12 5 4 7 10 8 11 6 9
10 9 5 5 4 7 13 8 11 5
21 10 37 64 11 27 15 37 14 27 72 14 11 23 45 29 38 20 59 4 44 33 44 40 12 35 18 4 54 9 5 38 48 5 31 46 19 60 25 26 4 41 28 41 16 24 52 49 16 12 4 24 32 34 52 49 16 6 7 5 63 55 5 71 4 35 69 52 68 50 22
20 16 10 7 5 4 11 18 8 5 12 14 19 15 6 9 21 22 17
11 17 18 7 9 4 8 13 16 10 6 14 4 7 5
33 13 5 7 14 42 37 19 33 13 37 28 38 20 55 25 36 30 6 10 5 13 37 20 17 30 6 36 40 9 18 4 24 6 54 48 29 32 22 14 15 23 8 27 29 5 13 29 5 13 29 46
10 13 10 27 12 10 10 9 14 16 32 6 17 4 5 7 21 33 30 23 22 34 8 35 10 10 17 15 9 10 9 13
41 31 32 8 6 30 19 9 28 27 5 11 23 17 7 16 33 21 29 9 13 6 14 10 42 36 20 15 4 34 15 39 18 40 26 6 22 38 37
17 7 16 7 7 9 4 8 5 21 15 4 6 19 12 18 23 5 11 4
10 5 6 9 4 7 6
4 4 23 21 7 5 16 7 4 22 13 4 15 4 14 12 5 4 20 19
20 22 22 22 19 39 19 17 22 6 44 32 4 30 6 39 53 53 5 22 29 33 35 26 14 22 18 45 48 21 27 9 22 8 33 22 49 5 24 34 15 42 13 7 23 12 51 37 10 52 11
5 14 12 12 33 30 24 10 19 15 6 16 17 8 5 37 35 26 9 29 22 16 17 8 13 8 13 5 31 31 18 20 13 8 4 7
21 7 10 16 17 23 21 11 15 19 13 14 4 6 18 8 12 9 20 5
10 5 4 8 9 7 6
32 35 39 9 46 24 9 8 11 39 8 42 25 18 15 43 7 6 36 26 32 20 18 44 6 19 7 40 4 16 14 12 27 23 5 29 36 13 34 22 17 38 24
5 17 10 16 14 12 19 11 4 5 7 5 10 9 13 20 6
6 6 4 11 4 7 6 10 4
13 19 22 20 37 7 7 17 27 9 28 18 34 23 31 4 30 11 6 15 33 24 6 11 15 30 17 17 16 21 12 8 10 5 29
21 5 7 16 8 12 4 6 12 18 20 15 13 14 13 11 12 10 5 23
12 26 16 16 25 9 19 8 16 30 11 4 32 24 29 5 6 10 10 16 20 7 9 13 15 22 17 21 14
18 6 9 29 16 24 27 21 12 19 9 15 6 15 5 10 4 4 26 25 20 8 28 7 13 23
5 4 4 10 11 13 8 7 12 9
8 6 7 11 12 14 4 10 9 5 13
5 8 4 9 7 6
19 15 13 5 4 4 7 14 5 22 20 17 5 9 6 4 8 4 12
30 22 40 6 29 7 44 25 33 9 25 5 12 9 22 11 17 23 12 12 48 22 43 22 8 21 4 8 5 4 12 21 4 12 47 5 10 18 10 18 4 9 4 9 10
4 28 12 18 25 23 16 10 10 19 15 17 24 5 22 26 30 11 6 14 20 13 9 13 8 13 4 7
17 18 8 23 7 5 9 4 20 31 6 29 6 22 9 14 8 25 13 10 11 12 26 30 7 12 21 27
5 19 4 9 8 13 17 4 10 12 5 16 5 7 14 6
14 4 8 17 5 11 11 6 12 10 16 7 9 15 7
5 12 9 6 15 7 5 7 8 5 4 7
4 24 6 15 23 21 6 24 27 4 17 22 25 4 25 8 20 5 11 14 32 7 34 12 36 9 26 10 38 30 13 18 18 39 37 29
27 17 15 10 19 5 22 16 17 28 23 17 15 33 6 4 12 16 11 6 31 25 6 7 6 9 8 30 14 24 33 19 17 27 17
9 8 6 10 21 9 18 6 7 19 16 5 6 13 4 15 9 12
5 6 5 11 8 7 10 11 4 13
12 12 11 12 22 12 46 44 27 27 29 11 9 16 9 6 43 9 16 13 6 13 16 12 4 38 15 8 30 4 26 12 38 37 31 5 42 10 19 7 10 25 10 41 20
4 33 6 16 7 10 13 8 14 30 15 4 4 21 34 13 6 14 21 28 16 16 17 29 26 5 20 41 24 26 5 36 40 23 8 32 25 4 37
7 5 7 8 11 10 4 8 6 9
34 27 29 15 24 9 16 12 25 32 23 28 19 10 14 13 6 33 26 17 20 4 5 7 8 18 10 21 20 31 22
6 8 11 8 11 8 19 20 13 9 11 8 7 16 14 15 4 5
4
6 12 14 11 10 15 5 4 6 6 7 8
10 7 10 9 14 12 18 4 20 16 19 5 11 8 13 21 4 6
23 34 23 12 9 22 39 35 15 36 4 29 27 16 24 16 4 5 33 21 16 11 10 4 20 4 25 16 11 10 20 16 4 7 27 42 8 40 19 26 37 32 13 28 27
4 9 26 9 33 7 5 38 9 13 40 9 6 8 13 12 11 19 8 5 7 47 5 23 35 41 28 32 20 22 25 16 46 14 22 11 21 30 10 36 23 44 43 37
4 7 8 6 5 10 9 12 13 5
9 15 9 17 20 10 8 18 16 6 19 23 24 4 7 14 11 25 21 18 5 5
8 8 11 4 7 25 18 28 15 22 14 26 12 21 6 19 8 18 22 20 16 5 6 27 13
5 6 7 4
6 14 9 7 5 4 6 8 10 6 13 17 12 4
6 11 14 10 4 6 9 6 24 21 11 5 17 9 19 7 6 8 5 15 20
9 6 16 7 18 15 13 9 13 4 5 9 4 4 13 4 9
4 14 8 13 11 10 6 6 7 12 5
18 7 9 4 5 10 15 14 8 22 12 16 13 11 6 21 16 17 4
16 8 11 5 4 15 17 14 6 12 20 7 19 10 13 18 9
14 4 4 6 6 6 19 8 6 9 21 20 7 12 22 7 12 7 18
